Your comment line - keep this line
Col 0: Elapsed time [s]
Col 1: Total counter (1000)
Col 2: Current pulse rate [Hz]
Col 3: Voltage [kV]
Col 4: COMPexPRO beam energy [mJ]

Col 0		Col 1	Col 2	Col 3	Col 4
00000.1258	-1	1	29.0	-624.721
00000.2525	-1	1	29.0	-615.137
00000.3791	-1	1	29.0	-943.767
00000.5056	-1	1	29.0	-752.704
00000.6319	-1	1	29.0	-842.368
00000.7582	-1	1	29.0	-154.394
00000.8846	-1	1	29.0	-462.203
00001.0112	-1	1	29.0	-903.991
00001.1372	-1	1	29.0	-72.115
00001.2636	-1	1	29.0	-721.876
00001.3899	-1	1	29.0	-756.931
00001.5161	-1	1	29.0	-560.706
00001.6424	-1	1	29.0	-780.374
00001.7731	-1	1	29.0	-563.113
00001.9006	-1	1	29.0	-904.516
00002.0273	-1	1	29.0	-352.841
00002.1536	-1	1	29.0	-478.625
00002.2791	-1	1	29.0	-122.457
00002.4056	-1	1	29.0	-197.124
00002.5321	-1	1	29.0	-120.340
00002.6579	-1	1	29.0	-303.590
00002.7841	-1	1	29.0	-604.660
00002.9107	-1	1	29.0	-784.750
00003.0372	-1	1	29.0	-647.507
00003.1637	-1	1	29.0	-468.694
00003.2919	-1	1	29.0	-334.787
00003.4183	-1	1	29.0	-794.682
00003.5445	-1	1	29.0	-687.605
00003.6702	-1	1	29.0	-638.484
00003.7967	-1	1	29.0	-199.259
00003.9233	-1	1	29.0	-296.409
00004.0499	-1	1	29.0	-763.026
00004.1763	-1	1	29.0	-769.023
00004.3033	-1	1	29.0	-117.274
00004.4320	-1	1	29.0	-747.973
00004.5580	-1	1	29.0	-313.340
00004.6843	-1	1	29.0	-988.485
00004.8105	-1	1	29.0	-726.906
00004.9368	-1	1	29.0	-631.157
00005.0632	-1	1	29.0	-473.849
00005.1897	-1	1	29.0	-359.612
00005.3161	-1	1	29.0	-96.316
00005.4423	-1	1	29.0	-240.998
00005.5685	-1	1	29.0	-174.546
00005.6951	-1	1	29.0	-125.454
00005.8233	-1	1	29.0	-29.599
00005.9580	-1	1	29.0	-80.235
00006.0842	-1	1	29.0	-911.873
00006.2106	-1	1	29.0	-685.144
00006.3368	-1	1	29.0	-281.809
00006.4628	-1	1	29.0	-711.114
00006.5890	-1	1	29.0	-94.693
00006.7146	-1	1	29.0	-145.541
00006.8409	-1	1	29.0	-682.528
00006.9674	-1	1	29.0	-375.620
00007.0939	-1	1	29.0	-382.732
00007.2224	-1	1	29.0	-927.062
00007.3544	-1	1	29.0	-409.770
00007.4811	-1	1	29.0	-96.590
00007.6074	-1	1	29.0	-711.589
00007.7339	-1	1	29.0	-220.683
00007.8601	-1	1	29.0	-175.063
00007.9867	-1	1	29.0	-742.149
00008.1134	-1	1	29.0	-665.682
00008.2402	-1	1	29.0	-671.228
00008.3668	-1	1	29.0	-824.449
00008.4933	-1	1	29.0	-945.938
00008.6195	-1	1	29.0	-103.693
00008.7470	-1	1	29.0	-953.744
00008.8731	-1	1	29.0	-920.696
00009.0013	-1	1	29.0	-102.549
00009.1279	-1	1	29.0	-941.902
00009.2542	-1	1	29.0	-624.819
00009.3806	-1	1	29.0	-573.365
00009.5070	-1	1	29.0	-299.249
00009.6332	-1	1	29.0	-395.852
00009.7587	-1	1	29.0	-15.596
00009.8854	-1	1	29.0	-860.697
00010.0124	-1	1	29.0	-361.175
00010.1390	-1	1	29.0	-57.936
00010.2670	-1	1	29.0	-262.602
00010.3926	-1	1	29.0	-524.340
00010.5190	-1	1	29.0	-495.787
00010.6447	-1	1	29.0	-254.895
00010.7710	-1	1	29.0	-401.051
00010.8975	-1	1	29.0	-772.623
00011.0235	-1	1	29.0	-818.930
00011.1500	-1	1	29.0	-429.803
00011.2761	-1	1	29.0	-839.901
00011.4016	-1	1	29.0	-600.911
00011.5281	-1	1	29.0	-362.751
00011.6543	-1	1	29.0	-679.439
00011.7808	-1	1	29.0	-143.744
00011.9147	-1	1	29.0	-399.060
00012.0447	-1	1	29.0	-47.437
00012.1712	-1	1	29.0	-4.534
00012.2977	-1	1	29.0	-382.216
00012.4242	-1	1	29.0	-480.533
00012.5508	-1	1	29.0	-678.163
00012.6770	-1	1	29.0	-808.114
00012.8035	-1	1	29.0	-48.771
00012.9362	-1	1	29.0	-74.755
00013.0636	-1	1	29.0	-553.881
00013.1901	-1	1	29.0	-25.198
00013.3166	-1	1	29.0	-343.047
00013.4433	-1	1	29.0	-249.997
00013.5699	-1	1	29.0	-542.889
00013.6965	-1	1	29.0	-492.083
00013.8322	-1	1	29.0	-836.165
00013.9586	-1	1	29.0	-657.708
00014.0852	-1	1	29.0	-576.439
00014.2115	-1	1	29.0	-418.991
00014.3377	-1	1	29.0	-587.888
00014.4633	-1	1	29.0	-166.978
00014.5895	-1	1	29.0	-952.934
00014.7160	-1	1	29.0	-502.581
00014.8416	-1	1	29.0	-431.410
00014.9680	-1	1	29.0	-705.958
00015.0945	-1	1	29.0	-506.173
00015.2210	-1	1	29.0	-291.082
00015.3472	-1	1	29.0	-786.066
00015.4734	-1	1	29.0	-432.084
00015.5989	-1	1	29.0	-188.671
00015.7257	-1	1	29.0	-432.705
00015.8584	-1	1	29.0	-680.504
00015.9931	-1	1	29.0	-467.179
00016.1196	-1	1	29.0	-592.430
00016.2462	-1	1	29.0	-911.698
00016.3725	-1	1	29.0	-946.112
00016.4982	-1	1	29.0	-22.255
00016.6250	-1	1	29.0	-555.877
00016.7505	-1	1	29.0	-710.055
00016.8795	-1	1	29.0	-908.221
00017.0058	-1	1	29.0	-539.496
00017.1325	-1	1	29.0	-108.389
00017.2590	-1	1	29.0	-322.440
00017.3916	-1	1	29.0	-916.749
00017.5175	-1	1	29.0	-738.313
00017.6437	-1	1	29.0	-126.330
00017.7703	-1	1	29.0	-625.957
00017.8977	-1	1	29.0	-763.846
00018.0238	-1	1	29.0	-457.460
00018.1558	-1	1	29.0	-834.697
00018.2814	-1	1	29.0	-605.076
00018.4070	-1	1	29.0	-737.046
00018.5336	-1	1	29.0	-84.720
00018.6599	-1	1	29.0	-764.258
00018.7862	-1	1	29.0	-626.258
00018.9127	-1	1	29.0	-65.129
00019.0394	-1	1	29.0	-294.045
00019.1659	-1	1	29.0	-773.803
00019.2935	-1	1	29.0	-780.347
00019.4220	-1	1	29.0	-523.343
00019.5475	-1	1	29.0	-423.712
00019.6738	-1	1	29.0	-423.397
00019.8003	-1	1	29.0	-448.012
00019.9269	-1	1	29.0	-578.901
00020.0537	-1	1	29.0	-199.069
00020.1805	-1	1	29.0	-990.870
00020.3070	-1	1	29.0	-631.417
00020.4336	-1	1	29.0	-861.798
00020.5623	-1	1	29.0	-873.650
00020.6892	-1	1	29.0	-875.429
00020.8156	-1	1	29.0	-381.824
00020.9576	-1	1	29.0	-35.379
00021.0950	-1	1	29.0	-307.138
00021.2211	-1	1	29.0	-798.190
00021.3466	-1	1	29.0	-739.859
00021.4732	-1	1	29.0	-187.113
00021.5994	-1	1	29.0	-513.462
00021.7263	-1	1	29.0	-662.300
00021.8521	-1	1	29.0	-493.242
00021.9788	-1	1	29.0	-140.483
00022.1054	-1	1	29.0	-478.888
00022.2316	-1	1	29.0	-545.613
00022.3587	-1	1	29.0	-716.842
00022.4851	-1	1	29.0	-933.658
00022.6115	-1	1	29.0	-319.169
00022.7380	-1	1	29.0	-650.086
00022.8643	-1	1	29.0	-54.544
00022.9963	-1	1	29.0	-406.949
00023.1229	-1	1	29.0	-957.313
00023.2492	-1	1	29.0	-624.305
00023.3755	-1	1	29.0	-555.035
00023.5032	-1	1	29.0	-440.175
00023.6298	-1	1	29.0	-466.187
00023.7561	-1	1	29.0	-735.564
00023.8829	-1	1	29.0	-830.215
00024.0101	-1	1	29.0	-285.949
00024.1367	-1	1	29.0	-224.869
00024.2632	-1	1	29.0	-484.364
00024.3905	-1	1	29.0	-320.602
00024.5171	-1	1	29.0	-876.507
00024.6449	-1	1	29.0	-698.480
00024.7764	-1	1	29.0	-72.355
00024.9088	-1	1	29.0	-332.591
00025.0385	-1	1	29.0	-399.901
00025.1648	-1	1	29.0	-345.438
00025.2911	-1	1	29.0	-643.299
00025.4180	-1	1	29.0	-581.451
00025.5436	-1	1	29.0	-698.187
00025.6700	-1	1	29.0	-89.398
00025.7957	-1	1	29.0	-870.226
00025.9222	-1	1	29.0	-199.440
00026.0742	-1	1	29.0	-408.896
00026.2173	-1	1	29.0	-373.419
00026.3437	-1	1	29.0	-540.654
00026.4700	-1	1	29.0	-183.463
00026.5965	-1	1	29.0	-705.035
00026.7227	-1	1	29.0	-262.189
00026.8492	-1	1	29.0	-418.267
00026.9803	-1	1	29.0	-807.186
00027.1071	-1	1	29.0	-788.904
00027.2333	-1	1	29.0	-130.412
00027.3597	-1	1	29.0	-484.343
00027.4857	-1	1	29.0	-10.206
00027.6122	-1	1	29.0	-126.423
00027.7384	-1	1	29.0	-902.857
00027.8648	-1	1	29.0	-958.220
00027.9916	-1	1	29.0	-71.860
00028.1182	-1	1	29.0	-688.497
00028.2453	-1	1	29.0	-460.007
00028.3710	-1	1	29.0	-349.430
00028.4973	-1	1	29.0	-102.652
00028.6237	-1	1	29.0	-318.443
00028.7502	-1	1	29.0	-901.415
00028.8768	-1	1	29.0	-244.739
00029.0325	-1	1	29.0	-338.969
00029.1590	-1	1	29.0	-300.936
00029.2854	-1	1	29.0	-281.869
00029.4108	-1	1	29.0	-858.367
00029.5373	-1	1	29.0	-496.566
00029.6641	-1	1	29.0	-744.451
00029.7902	-1	1	29.0	-978.551
00029.9211	-1	1	29.0	-785.499
00030.0474	-1	1	29.0	-774.831
00030.1747	-1	1	29.0	-228.510
00030.3013	-1	1	29.0	-960.229
00030.4325	-1	1	29.0	-309.765
00030.5588	-1	1	29.0	-393.937
00030.6850	-1	1	29.0	-438.196
00030.8113	-1	1	29.0	-757.612
00030.9381	-1	1	29.0	-9.158
00031.0657	-1	1	29.0	-642.842
00031.1917	-1	1	29.0	-495.229
00031.3192	-1	1	29.0	-768.666
00031.4501	-1	1	29.0	-497.813
00031.5780	-1	1	29.0	-229.352
00031.7036	-1	1	29.0	-365.914
00031.8300	-1	1	29.0	-635.763
00031.9600	-1	1	29.0	-651.829
00032.0939	-1	1	29.0	-221.415
00032.2203	-1	1	29.0	-897.965
00032.3470	-1	1	29.0	-371.330
00032.4725	-1	1	29.0	-41.456
00032.5988	-1	1	29.0	-319.940
00032.7251	-1	1	29.0	-695.479
00032.8518	-1	1	29.0	-349.012
00032.9783	-1	1	29.0	-487.392
00033.1047	-1	1	29.0	-902.438
00033.2312	-1	1	29.0	-827.315
00033.3579	-1	1	29.0	-356.722
00033.4842	-1	1	29.0	-856.642
00033.6106	-1	1	29.0	-781.540
00033.7366	-1	1	29.0	-482.351
00033.8622	-1	1	29.0	-653.782
00033.9914	-1	1	29.0	-45.720
00034.1246	-1	1	29.0	-206.125
00034.2513	-1	1	29.0	-950.945
00034.3776	-1	1	29.0	-764.430
00034.5039	-1	1	29.0	-215.810
00034.6301	-1	1	29.0	-574.673
00034.7565	-1	1	29.0	-950.753
00034.8848	-1	1	29.0	-586.566
00035.0122	-1	1	29.0	-591.283
00035.1377	-1	1	29.0	-520.079
00035.2657	-1	1	29.0	-643.329
00035.3926	-1	1	29.0	-475.839
00035.5206	-1	1	29.0	-74.525
00035.6468	-1	1	29.0	-896.881
00035.7796	-1	1	29.0	-261.347
00035.9067	-1	1	29.0	-547.044
00036.0334	-1	1	29.0	-110.884
00036.1612	-1	1	29.0	-128.988
00036.2917	-1	1	29.0	-174.990
00036.4185	-1	1	29.0	-398.823
00036.5451	-1	1	29.0	-683.855
00036.6713	-1	1	29.0	-117.633
00036.7969	-1	1	29.0	-697.503
00036.9235	-1	1	29.0	-639.963
00037.0491	-1	1	29.0	-127.026
00037.1833	-1	1	29.0	-126.405
00037.3100	-1	1	29.0	-566.127
00037.4366	-1	1	29.0	-15.185
00037.5622	-1	1	29.0	-423.372
00037.6878	-1	1	29.0	-778.608
00037.8134	-1	1	29.0	-987.387
00037.9445	-1	1	29.0	-279.013
00038.0711	-1	1	29.0	-430.153
00038.1978	-1	1	29.0	-214.639
00038.3248	-1	1	29.0	-568.352
00038.4512	-1	1	29.0	-570.205
00038.5773	-1	1	29.0	-784.865
00038.7035	-1	1	29.0	-780.885
00038.8301	-1	1	29.0	-302.803
00038.9570	-1	1	29.0	-869.335
00039.0831	-1	1	29.0	-806.244
00039.2089	-1	1	29.0	-50.031
00039.3345	-1	1	29.0	-992.102
00039.4608	-1	1	29.0	-7.904
00039.5873	-1	1	29.0	-984.545
00039.7137	-1	1	29.0	-340.734
00039.8405	-1	1	29.0	-763.201
00039.9673	-1	1	29.0	-90.622
00040.0940	-1	1	29.0	-811.831
00040.2207	-1	1	29.0	-842.086
00040.3463	-1	1	29.0	-301.408
00040.4726	-1	1	29.0	-7.601
00040.5988	-1	1	29.0	-124.116
00040.7255	-1	1	29.0	-357.114
00040.8519	-1	1	29.0	-886.901
00040.9786	-1	1	29.0	-636.272
00041.1055	-1	1	29.0	-596.204
00041.2332	-1	1	29.0	-983.900
00041.3588	-1	1	29.0	-340.129
00041.4850	-1	1	29.0	-236.144
00041.6116	-1	1	29.0	-912.896
00041.7380	-1	1	29.0	-170.041
00041.8635	-1	1	29.0	-2.960
00041.9898	-1	1	29.0	-810.989
00042.1171	-1	1	29.0	-409.943
00042.2427	-1	1	29.0	-188.186
00042.3690	-1	1	29.0	-35.141
00042.4953	-1	1	29.0	-490.071
00042.6219	-1	1	29.0	-234.009
00042.7482	-1	1	29.0	-983.240
00042.8747	-1	1	29.0	-346.944
00043.0014	-1	1	29.0	-393.783
00043.1271	-1	1	29.0	-188.116
00043.2528	-1	1	29.0	-857.415
00043.3796	-1	1	29.0	-861.294
00043.5060	-1	1	29.0	-41.307
00043.6318	-1	1	29.0	-815.323
00043.7602	-1	1	29.0	-512.007
00043.8942	-1	1	29.0	-465.400
00044.0208	-1	1	29.0	-864.207
00044.1463	-1	1	29.0	-18.032
00044.2728	-1	1	29.0	-305.537
00044.3991	-1	1	29.0	-987.734
00044.5255	-1	1	29.0	-104.046
00044.6522	-1	1	29.0	-613.284
00044.7794	-1	1	29.0	-858.711
00044.9060	-1	1	29.0	-501.205
00045.0341	-1	1	29.0	-134.738
00045.1609	-1	1	29.0	-811.159
00045.2872	-1	1	29.0	-436.919
00045.4151	-1	1	29.0	-862.693
00045.5457	-1	1	29.0	-497.020
00045.6714	-1	1	29.0	-748.575
00045.7980	-1	1	29.0	-571.654
00045.9259	-1	1	29.0	-482.664
00046.0551	-1	1	29.0	-144.586
00046.1814	-1	1	29.0	-592.719
00046.3082	-1	1	29.0	-62.276
00046.4346	-1	1	29.0	-868.289
00046.5609	-1	1	29.0	-639.154
00046.6875	-1	1	29.0	-827.004
00046.8138	-1	1	29.0	-719.269
00046.9422	-1	1	29.0	-359.394
00047.0677	-1	1	29.0	-955.717
00047.1999	-1	1	29.0	-266.264
00047.3267	-1	1	29.0	-275.311
00047.4534	-1	1	29.0	-372.769
00047.5798	-1	1	29.0	-807.205
00047.7061	-1	1	29.0	-807.518
00047.8317	-1	1	29.0	-855.393
00047.9582	-1	1	29.0	-663.007
00048.0849	-1	1	29.0	-875.329
00048.2116	-1	1	29.0	-773.777
00048.3379	-1	1	29.0	-865.043
00048.4643	-1	1	29.0	-560.377
00048.5910	-1	1	29.0	-608.439
00048.7167	-1	1	29.0	-955.900
00048.8488	-1	1	29.0	-147.007
00048.9933	-1	1	29.0	-114.235
00049.1207	-1	1	29.0	-880.637
00049.2476	-1	1	29.0	-68.614
00049.3751	-1	1	29.0	-494.179
00049.5013	-1	1	29.0	-258.189
00049.6280	-1	1	29.0	-916.803
00049.7542	-1	1	29.0	-26.771
00049.8807	-1	1	29.0	-430.324
00050.0088	-1	1	29.0	-817.507
00050.1343	-1	1	29.0	-131.145
00050.2676	-1	1	29.0	-697.155
00050.3939	-1	1	29.0	-767.190
00050.5195	-1	1	29.0	-468.455
00050.6459	-1	1	29.0	-831.039
00050.7727	-1	1	29.0	-896.849
00050.8990	-1	1	29.0	-384.869
00051.0255	-1	1	29.0	-170.052
00051.1533	-1	1	29.0	-399.491
00051.2873	-1	1	29.0	-62.522
00051.4141	-1	1	29.0	-834.812
00051.5404	-1	1	29.0	-344.162
00051.6671	-1	1	29.0	-274.589
00051.7933	-1	1	29.0	-359.761
00051.9200	-1	1	29.0	-877.734
00052.0572	-1	1	29.0	-170.013
00052.2042	-1	1	29.0	-548.547
00052.3351	-1	1	29.0	-821.509
00052.4607	-1	1	29.0	-327.423
00052.5875	-1	1	29.0	-48.916
00052.7137	-1	1	29.0	-177.958
00052.8400	-1	1	29.0	-922.185
00052.9662	-1	1	29.0	-297.470
00053.1015	-1	1	29.0	-423.181
00053.2282	-1	1	29.0	-780.892
00053.3545	-1	1	29.0	-682.805
00053.4811	-1	1	29.0	-219.739
00053.6074	-1	1	29.0	-914.186
00053.7330	-1	1	29.0	-205.283
00053.8596	-1	1	29.0	-294.083
00053.9854	-1	1	29.0	-357.464
00054.1127	-1	1	29.0	-939.481
00054.2394	-1	1	29.0	-279.824
00054.3724	-1	1	29.0	-713.565
00054.4990	-1	1	29.0	-106.507
00054.6253	-1	1	29.0	-410.375
00054.7518	-1	1	29.0	-22.086
00054.8793	-1	1	29.0	-835.185
00055.0117	-1	1	29.0	-506.662
00055.1384	-1	1	29.0	-13.821
00055.2660	-1	1	29.0	-681.880
00055.3947	-1	1	29.0	-566.572
00055.5204	-1	1	29.0	-878.626
00055.6505	-1	1	29.0	-562.509
00055.7772	-1	1	29.0	-58.135
00055.9039	-1	1	29.0	-489.555
00056.0373	-1	1	29.0	-433.927
00056.1637	-1	1	29.0	-73.665
00056.2917	-1	1	29.0	-898.147
00056.4180	-1	1	29.0	-35.700
00056.5449	-1	1	29.0	-792.937
00056.6704	-1	1	29.0	-280.909
00056.7966	-1	1	29.0	-548.790
00056.9222	-1	1	29.0	-263.363
00057.0485	-1	1	29.0	-898.753
00057.1877	-1	1	29.0	-414.756
00057.3137	-1	1	29.0	-899.400
00057.4404	-1	1	29.0	-562.474
00057.5667	-1	1	29.0	-596.491
00057.6930	-1	1	29.0	-951.547
00057.8193	-1	1	29.0	-161.258
00057.9459	-1	1	29.0	-290.491
00058.0725	-1	1	29.0	-520.689
00058.2011	-1	1	29.0	-430.107
00058.3267	-1	1	29.0	-936.957
00058.4539	-1	1	29.0	-599.898
00058.5795	-1	1	29.0	-703.116
00058.7055	-1	1	29.0	-297.205
00058.8322	-1	1	29.0	-626.561
00058.9586	-1	1	29.0	-677.771
00059.0857	-1	1	29.0	-795.176
00059.2116	-1	1	29.0	-939.115
00059.3372	-1	1	29.0	-784.476
00059.4638	-1	1	29.0	-689.867
00059.5902	-1	1	29.0	-731.349
00059.7166	-1	1	29.0	-735.220
00059.8434	-1	1	29.0	-158.070
00059.9850	-1	1	29.0	-560.839
00060.1133	-1	1	29.0	-89.816
00060.2402	-1	1	29.0	-435.198
00060.3669	-1	1	29.0	-518.034
00060.4931	-1	1	29.0	-17.429
00060.6198	-1	1	29.0	-149.292
00060.7462	-1	1	29.0	-365.479
00060.8739	-1	1	29.0	-180.728
00061.0028	-1	1	29.0	-597.773
00061.1292	-1	1	29.0	-922.595
00061.2559	-1	1	29.0	-323.277
00061.3836	-1	1	29.0	-924.781
00061.5109	-1	1	29.0	-242.656
00061.6377	-1	1	29.0	-24.903
00061.7641	-1	1	29.0	-677.444
00061.8957	-1	1	29.0	-294.445
00062.0226	-1	1	29.0	-552.987
00062.1490	-1	1	29.0	-509.287
00062.2753	-1	1	29.0	-130.755
00062.4307	-1	1	29.0	-597.341
00062.5574	-1	1	29.0	-80.385
00062.6837	-1	1	29.0	-80.929
00062.8097	-1	1	29.0	-801.985
00062.9353	-1	1	29.0	-831.665
00063.0618	-1	1	29.0	-40.991
00063.1886	-1	1	29.0	-693.459
00063.3150	-1	1	29.0	-192.992
00063.4416	-1	1	29.0	-203.635
00063.5681	-1	1	29.0	-420.554
00063.6937	-1	1	29.0	-509.746
00063.8202	-1	1	29.0	-500.354
00063.9472	-1	1	29.0	-642.813
00064.0739	-1	1	29.0	-993.525
00064.2007	-1	1	29.0	-274.960
00064.3275	-1	1	29.0	-343.158
00064.4534	-1	1	29.0	-963.139
00064.5797	-1	1	29.0	-281.964
00064.7066	-1	1	29.0	-109.091
00064.8381	-1	1	29.0	-238.013
00064.9648	-1	1	29.0	-563.857
00065.0904	-1	1	29.0	-527.135
00065.2172	-1	1	29.0	-789.104
00065.3436	-1	1	29.0	-532.719
00065.4699	-1	1	29.0	-442.246
00065.5962	-1	1	29.0	-264.121
00065.7224	-1	1	29.0	-263.824
00065.8488	-1	1	29.0	-417.681
00065.9761	-1	1	29.0	-554.094
00066.1018	-1	1	29.0	-39.306
00066.2273	-1	1	29.0	-896.285
00066.3536	-1	1	29.0	-132.586
00066.4801	-1	1	29.0	-766.628
00066.6066	-1	1	29.0	-309.882
00066.7321	-1	1	29.0	-631.629
00066.8589	-1	1	29.0	-64.807
00066.9878	-1	1	29.0	-672.638
00067.1145	-1	1	29.0	-157.185
00067.2413	-1	1	29.0	-959.034
00067.3678	-1	1	29.0	-717.558
00067.4945	-1	1	29.0	-59.484
00067.6202	-1	1	29.0	-997.864
00067.7462	-1	1	29.0	-796.545
00067.8809	-1	1	29.0	-427.233
00068.0078	-1	1	29.0	-410.847
00068.1349	-1	1	29.0	-89.735
00068.2615	-1	1	29.0	-2.934
00068.3878	-1	1	29.0	-664.581
00068.5140	-1	1	29.0	-184.817
00068.6395	-1	1	29.0	-594.586
00068.7660	-1	1	29.0	-427.683
00068.9016	-1	1	29.0	-539.663
00069.0283	-1	1	29.0	-615.469
00069.1582	-1	1	29.0	-850.720
00069.2875	-1	1	29.0	-457.023
00069.4144	-1	1	29.0	-618.002
00069.5408	-1	1	29.0	-614.902
00069.6663	-1	1	29.0	-463.086
00069.7927	-1	1	29.0	-707.727
00069.9324	-1	1	29.0	-923.009
00070.0617	-1	1	29.0	-23.490
00070.1886	-1	1	29.0	-269.044
00070.3152	-1	1	29.0	-201.763
00070.4420	-1	1	29.0	-464.084
00070.5684	-1	1	29.0	-211.529
00070.6950	-1	1	29.0	-413.695
00070.8217	-1	1	29.0	-349.713
00070.9492	-1	1	29.0	-397.851
00071.0746	-1	1	29.0	-972.839
00071.2014	-1	1	29.0	-419.302
00071.3292	-1	1	29.0	-287.678
00071.4548	-1	1	29.0	-266.633
00071.5812	-1	1	29.0	-490.173
00071.7079	-1	1	29.0	-676.300
00071.8342	-1	1	29.0	-109.255
00071.9616	-1	1	29.0	-529.269
00072.0896	-1	1	29.0	-370.579
00072.2192	-1	1	29.0	-703.982
00072.3522	-1	1	29.0	-851.364
00072.4777	-1	1	29.0	-652.543
00072.6041	-1	1	29.0	-60.958
00072.7297	-1	1	29.0	-417.164
00072.8560	-1	1	29.0	-433.092
00072.9826	-1	1	29.0	-136.240
00073.1094	-1	1	29.0	-907.636
00073.2362	-1	1	29.0	-684.105
00073.3637	-1	1	29.0	-761.370
00073.4903	-1	1	29.0	-291.412
00073.6167	-1	1	29.0	-957.189
00073.7429	-1	1	29.0	-622.935
00073.8694	-1	1	29.0	-332.513
00074.0012	-1	1	29.0	-858.670
00074.1313	-1	1	29.0	-992.794
00074.2578	-1	1	29.0	-652.051
00074.3846	-1	1	29.0	-386.443
00074.5114	-1	1	29.0	-283.405
00074.6378	-1	1	29.0	-184.176
00074.7645	-1	1	29.0	-332.051
00074.8932	-1	1	29.0	-807.578
00075.0225	-1	1	29.0	-627.949
00075.1493	-1	1	29.0	-627.019
00075.2758	-1	1	29.0	-138.739
00075.4022	-1	1	29.0	-726.612
00075.5289	-1	1	29.0	-912.279
00075.6552	-1	1	29.0	-222.053
00075.7847	-1	1	29.0	-476.294
00075.9107	-1	1	29.0	-83.448
00076.0361	-1	1	29.0	-232.964
00076.1629	-1	1	29.0	-534.070
00076.2888	-1	1	29.0	-485.876
00076.4169	-1	1	29.0	-881.303
00076.5438	-1	1	29.0	-964.844
00076.6700	-1	1	29.0	-669.832
00076.7964	-1	1	29.0	-394.100
00076.9265	-1	1	29.0	-302.091
00077.0529	-1	1	29.0	-945.760
00077.1831	-1	1	29.0	-723.946
00077.3087	-1	1	29.0	-343.515
00077.4355	-1	1	29.0	-810.026
00077.5621	-1	1	29.0	-930.413
00077.6884	-1	1	29.0	-626.734
00077.8157	-1	1	29.0	-35.041
00077.9414	-1	1	29.0	-42.879
00078.0669	-1	1	29.0	-400.813
00078.1933	-1	1	29.0	-819.892
00078.3197	-1	1	29.0	-129.662
00078.4465	-1	1	29.0	-525.409
00078.5728	-1	1	29.0	-590.946
00078.6989	-1	1	29.0	-262.144
00078.8258	-1	1	29.0	-520.493
00078.9521	-1	1	29.0	-513.066
00079.0791	-1	1	29.0	-747.363
00079.2063	-1	1	29.0	-997.530
00079.3331	-1	1	29.0	-849.040
00079.4594	-1	1	29.0	-91.359
00079.5857	-1	1	29.0	-182.839
00079.7124	-1	1	29.0	-828.455
00079.8392	-1	1	29.0	-154.313
00079.9667	-1	1	29.0	-879.170
00080.1056	-1	1	29.0	-281.152
00080.2321	-1	1	29.0	-910.107
00080.3590	-1	1	29.0	-468.552
00080.4846	-1	1	29.0	-930.702
00080.6113	-1	1	29.0	-427.890
00080.7380	-1	1	29.0	-153.004
00080.8643	-1	1	29.0	-147.914
00080.9914	-1	1	29.0	-359.781
00081.1169	-1	1	29.0	-452.971
00081.2435	-1	1	29.0	-424.007
00081.3700	-1	1	29.0	-895.485
00081.4970	-1	1	29.0	-913.246
00081.6235	-1	1	29.0	-208.682
00081.7497	-1	1	29.0	-316.316
00081.8763	-1	1	29.0	-350.086
00082.0029	-1	1	29.0	-234.887
00082.1306	-1	1	29.0	-306.082
00082.2561	-1	1	29.0	-241.041
00082.3829	-1	1	29.0	-471.077
00082.5094	-1	1	29.0	-769.226
00082.6361	-1	1	29.0	-228.873
00082.7625	-1	1	29.0	-678.924
00082.8890	-1	1	29.0	-712.486
00083.0158	-1	1	29.0	-322.507
00083.1425	-1	1	29.0	-173.413
00083.2682	-1	1	29.0	-829.322
00083.3950	-1	1	29.0	-100.378
00083.5214	-1	1	29.0	-888.767
00083.6498	-1	1	29.0	-5.539
00083.7760	-1	1	29.0	-262.787
00083.9092	-1	1	29.0	-872.619
00084.0382	-1	1	29.0	-590.583
00084.1702	-1	1	29.0	-920.655
00084.2959	-1	1	29.0	-758.580
00084.4226	-1	1	29.0	-968.366
00084.5490	-1	1	29.0	-753.671
00084.6753	-1	1	29.0	-350.389
00084.8022	-1	1	29.0	-395.616
00084.9351	-1	1	29.0	-261.103
00085.0620	-1	1	29.0	-665.241
00085.1888	-1	1	29.0	-645.405
00085.3156	-1	1	29.0	-715.663
00085.4420	-1	1	29.0	-371.074
00085.5689	-1	1	29.0	-504.502
00085.6956	-1	1	29.0	-901.783
00085.8313	-1	1	29.0	-624.241
00085.9570	-1	1	29.0	-391.321
00086.0845	-1	1	29.0	-215.525
00086.2114	-1	1	29.0	-549.443
00086.3426	-1	1	29.0	-292.698
00086.4694	-1	1	29.0	-641.439
00086.5962	-1	1	29.0	-668.780
00086.7229	-1	1	29.0	-672.077
00086.8497	-1	1	29.0	-546.199
00086.9763	-1	1	29.0	-641.852
00087.1031	-1	1	29.0	-95.419
00087.2298	-1	1	29.0	-968.956
00087.3562	-1	1	29.0	-442.045
00087.4829	-1	1	29.0	-630.332
00087.6084	-1	1	29.0	-170.062
00087.7350	-1	1	29.0	-713.808
00087.8613	-1	1	29.0	-435.970
00087.9880	-1	1	29.0	-879.088
00088.1247	-1	1	29.0	-615.030
00088.2523	-1	1	29.0	-62.862
00088.3791	-1	1	29.0	-436.879
00088.5113	-1	1	29.0	-295.805
00088.6370	-1	1	29.0	-649.690
00088.7637	-1	1	29.0	-781.918
00088.8903	-1	1	29.0	-181.851
00089.0178	-1	1	29.0	-593.797
00089.1446	-1	1	29.0	-767.866
00089.2714	-1	1	29.0	-225.222
00089.3978	-1	1	29.0	-178.850
00089.5344	-1	1	29.0	-705.608
00089.6600	-1	1	29.0	-411.782
00089.7863	-1	1	29.0	-257.709
00089.9128	-1	1	29.0	-521.659
00090.0396	-1	1	29.0	-756.709
00090.1690	-1	1	29.0	-257.413
00090.2950	-1	1	29.0	-766.830
00090.4213	-1	1	29.0	-337.201
00090.5517	-1	1	29.0	-995.620
00090.6774	-1	1	29.0	-307.271
00090.8038	-1	1	29.0	-775.349
00090.9308	-1	1	29.0	-625.953
00091.0635	-1	1	29.0	-661.086
00091.1958	-1	1	29.0	-971.523
00091.3227	-1	1	29.0	-926.077
00091.4508	-1	1	29.0	-450.234
00091.5818	-1	1	29.0	-503.983
00091.7085	-1	1	29.0	-427.590
00091.8348	-1	1	29.0	-963.983
00091.9732	-1	1	29.0	-617.203
00092.1184	-1	1	29.0	-638.664
00092.2451	-1	1	29.0	-353.028
00092.3707	-1	1	29.0	-492.150
00092.4976	-1	1	29.0	-714.092
00092.6243	-1	1	29.0	-668.738
00092.7506	-1	1	29.0	-89.106
00092.8830	-1	1	29.0	-693.638
00093.0140	-1	1	29.0	-262.106
00093.1413	-1	1	29.0	-628.258
00093.2678	-1	1	29.0	-383.556
00093.3947	-1	1	29.0	-96.728
00093.5209	-1	1	29.0	-840.884
00093.6477	-1	1	29.0	-872.243
00093.7740	-1	1	29.0	-586.224
00093.9002	-1	1	29.0	-796.415
00094.0269	-1	1	29.0	-301.945
00094.1525	-1	1	29.0	-824.965
00094.2790	-1	1	29.0	-885.125
00094.4076	-1	1	29.0	-107.169
00094.5332	-1	1	29.0	-626.567
00094.6598	-1	1	29.0	-4.443
00094.7867	-1	1	29.0	-23.390
00094.9129	-1	1	29.0	-110.471
00095.0396	-1	1	29.0	-84.116
00095.1664	-1	1	29.0	-560.858
00095.2932	-1	1	29.0	-958.114
00095.4198	-1	1	29.0	-322.259
00095.5464	-1	1	29.0	-941.631
00095.6719	-1	1	29.0	-305.133
00095.7983	-1	1	29.0	-109.389
00095.9255	-1	1	29.0	-225.932
00096.0524	-1	1	29.0	-178.323
00096.1791	-1	1	29.0	-641.676
00096.3054	-1	1	29.0	-34.353
00096.4312	-1	1	29.0	-869.689
00096.5576	-1	1	29.0	-408.094
00096.6839	-1	1	29.0	-103.048
00096.8111	-1	1	29.0	-328.603
00096.9433	-1	1	29.0	-301.029
00097.0693	-1	1	29.0	-448.155
00097.1973	-1	1	29.0	-244.040
00097.3233	-1	1	29.0	-513.690
00097.4498	-1	1	29.0	-841.423
00097.5766	-1	1	29.0	-591.682
00097.7032	-1	1	29.0	-810.168
00097.8295	-1	1	29.0	-840.796
00097.9629	-1	1	29.0	-68.098
00098.1030	-1	1	29.0	-882.798
00098.2299	-1	1	29.0	-199.401
00098.3569	-1	1	29.0	-946.906
00098.4839	-1	1	29.0	-558.002
00098.6102	-1	1	29.0	-64.124
00098.7367	-1	1	29.0	-738.121
00098.8631	-1	1	29.0	-250.601
00098.9894	-1	1	29.0	-503.550
00099.1190	-1	1	29.0	-456.710
00099.2452	-1	1	29.0	-445.706
00099.3707	-1	1	29.0	-743.987
00099.4971	-1	1	29.0	-888.232
00099.6226	-1	1	29.0	-279.083
00099.7492	-1	1	29.0	-618.575
00099.8759	-1	1	29.0	-819.820
00100.0033	-1	1	29.0	-13.354
00100.1383	-1	1	29.0	-199.424
00100.2652	-1	1	29.0	-299.502
00100.3920	-1	1	29.0	-353.046
00100.5183	-1	1	29.0	-88.132
00100.6446	-1	1	29.0	-65.819
00100.7709	-1	1	29.0	-364.365
00100.8980	-1	1	29.0	-592.336
00101.0292	-1	1	29.0	-63.376
00101.1547	-1	1	29.0	-423.335
00101.2817	-1	1	29.0	-873.650
00101.4083	-1	1	29.0	-803.423
00101.5347	-1	1	29.0	-871.874
00101.6609	-1	1	29.0	-293.540
00101.7877	-1	1	29.0	-141.790
00101.9141	-1	1	29.0	-132.622
00102.0409	-1	1	29.0	-112.591
00102.1673	-1	1	29.0	-210.782
00102.2941	-1	1	29.0	-436.337
00102.4206	-1	1	29.0	-377.685
00102.5475	-1	1	29.0	-306.199
00102.6738	-1	1	29.0	-602.444
00102.8001	-1	1	29.0	-127.826
00102.9257	-1	1	29.0	-671.862
00103.0538	-1	1	29.0	-645.256
00103.1805	-1	1	29.0	-275.632
00103.3068	-1	1	29.0	-927.962
00103.4331	-1	1	29.0	-924.369
00103.5594	-1	1	29.0	-440.452
00103.6862	-1	1	29.0	-892.525
00103.8119	-1	1	29.0	-679.724
00103.9385	-1	1	29.0	-738.818
00104.0652	-1	1	29.0	-823.138
00104.1919	-1	1	29.0	-585.682
00104.3187	-1	1	29.0	-717.323
00104.4479	-1	1	29.0	-786.756
00104.5742	-1	1	29.0	-544.822
00104.7043	-1	1	29.0	-782.481
00104.8348	-1	1	29.0	-780.577
00104.9752	-1	1	29.0	-606.092
00105.1096	-1	1	29.0	-548.110
00105.2366	-1	1	29.0	-789.553
00105.3630	-1	1	29.0	-30.768
00105.4943	-1	1	29.0	-235.284
00105.6205	-1	1	29.0	-975.060
00105.7468	-1	1	29.0	-863.311
00105.8729	-1	1	29.0	-543.754
00106.0014	-1	1	29.0	-553.818
00106.1284	-1	1	29.0	-385.459
00106.2552	-1	1	29.0	-68.018
00106.3819	-1	1	29.0	-536.962
00106.5083	-1	1	29.0	-940.303
00106.6347	-1	1	29.0	-105.711
00106.7603	-1	1	29.0	-401.719
00106.8870	-1	1	29.0	-499.602
00107.0138	-1	1	29.0	-564.600
00107.1405	-1	1	29.0	-486.575
00107.2668	-1	1	29.0	-262.460
00107.3936	-1	1	29.0	-930.922
00107.5237	-1	1	29.0	-601.926
00107.6521	-1	1	29.0	-433.554
00107.7788	-1	1	29.0	-799.836
00107.9052	-1	1	29.0	-280.599
00108.0315	-1	1	29.0	-984.353
00108.1578	-1	1	29.0	-360.731
00108.2842	-1	1	29.0	-67.800
00108.4106	-1	1	29.0	-990.097
00108.5363	-1	1	29.0	-987.337
00108.6630	-1	1	29.0	-698.652
00108.7893	-1	1	29.0	-371.597
00108.9161	-1	1	29.0	-281.159
00109.0426	-1	1	29.0	-462.445
00109.1693	-1	1	29.0	-533.107
00109.2952	-1	1	29.0	-987.745
00109.4218	-1	1	29.0	-778.981
00109.5485	-1	1	29.0	-435.366
00109.6751	-1	1	29.0	-958.989
00109.8017	-1	1	29.0	-854.310
00109.9282	-1	1	29.0	-20.892
00110.0549	-1	1	29.0	-623.814
00110.1863	-1	1	29.0	-445.022
00110.3131	-1	1	29.0	-42.100
00110.4395	-1	1	29.0	-781.877
00110.5663	-1	1	29.0	-756.323
00110.6931	-1	1	29.0	-60.020
00110.8187	-1	1	29.0	-732.739
00110.9472	-1	1	29.0	-69.907
00111.0750	-1	1	29.0	-401.555
00111.2016	-1	1	29.0	-77.075
00111.3284	-1	1	29.0	-260.729
00111.4548	-1	1	29.0	-855.787
00111.5816	-1	1	29.0	-765.183
00111.7080	-1	1	29.0	-434.718
00111.8335	-1	1	29.0	-646.177
00111.9852	-1	1	29.0	-947.513
00112.1293	-1	1	29.0	-374.514
00112.2582	-1	1	29.0	-586.255
00112.3836	-1	1	29.0	-793.144
00112.5101	-1	1	29.0	-861.169
00112.6356	-1	1	29.0	-983.223
00112.7620	-1	1	29.0	-998.316
00112.8890	-1	1	29.0	-696.418
00113.0154	-1	1	29.0	-951.211
00113.1428	-1	1	29.0	-531.378
00113.2692	-1	1	29.0	-647.716
00113.3959	-1	1	29.0	-283.895
00113.5225	-1	1	29.0	-449.852
00113.6488	-1	1	29.0	-624.138
00113.7751	-1	1	29.0	-108.370
00113.9026	-1	1	29.0	-802.037
00114.0347	-1	1	29.0	-189.778
00114.1619	-1	1	29.0	-207.817
00114.2885	-1	1	29.0	-450.872
00114.4148	-1	1	29.0	-567.899
00114.5415	-1	1	29.0	-811.190
00114.6678	-1	1	29.0	-743.621
00114.7934	-1	1	29.0	-600.476
00114.9190	-1	1	29.0	-434.057
00115.0460	-1	1	29.0	-793.810
00115.1727	-1	1	29.0	-270.467
00115.2995	-1	1	29.0	-278.816
00115.4252	-1	1	29.0	-285.992
00115.5516	-1	1	29.0	-743.660
00115.6779	-1	1	29.0	-827.187
00115.8050	-1	1	29.0	-978.030
00115.9320	-1	1	29.0	-699.832
00116.0576	-1	1	29.0	-821.202
00116.1843	-1	1	29.0	-559.283
00116.3112	-1	1	29.0	-707.748
00116.4377	-1	1	29.0	-365.955
00116.5640	-1	1	29.0	-325.309
00116.6907	-1	1	29.0	-391.120
00116.8170	-1	1	29.0	-559.686
00116.9442	-1	1	29.0	-443.028
00117.0843	-1	1	29.0	-390.456
00117.2114	-1	1	29.0	-241.466
00117.3382	-1	1	29.0	-334.697
00117.4645	-1	1	29.0	-34.406
00117.5901	-1	1	29.0	-133.340
00117.7168	-1	1	29.0	-650.034
00117.8432	-1	1	29.0	-470.583
00117.9711	-1	1	29.0	-232.517
00118.0965	-1	1	29.0	-947.739
00118.2232	-1	1	29.0	-210.144
00118.3508	-1	1	29.0	-146.767
00118.4777	-1	1	29.0	-4.215
00118.6039	-1	1	29.0	-807.373
00118.7306	-1	1	29.0	-608.895
00118.8569	-1	1	29.0	-710.409
00118.9837	-1	1	29.0	-754.387
00119.1103	-1	1	29.0	-104.058
00119.2387	-1	1	29.0	-908.338
00119.3663	-1	1	29.0	-335.769
00119.4938	-1	1	29.0	-442.991
00119.6205	-1	1	29.0	-714.158
00119.7469	-1	1	29.0	-855.726
00119.8731	-1	1	29.0	-569.030
00120.0009	-1	1	29.0	-127.664
00120.1264	-1	1	29.0	-778.862
00120.2532	-1	1	29.0	-106.707
00120.3796	-1	1	29.0	-129.059
00120.5072	-1	1	29.0	-875.800
00120.6350	-1	1	29.0	-11.219
00120.7609	-1	1	29.0	-869.866
00120.8874	-1	1	29.0	-860.651
00121.0155	-1	1	29.0	-114.681
00121.1422	-1	1	29.0	-949.746
00121.2688	-1	1	29.0	-788.217
00121.3952	-1	1	29.0	-33.025
00121.5220	-1	1	29.0	-857.469
00121.6486	-1	1	29.0	-800.202
00121.7755	-1	1	29.0	-911.472
00121.9026	-1	1	29.0	-867.027
00122.0289	-1	1	29.0	-858.096
00122.1558	-1	1	29.0	-560.665
00122.2815	-1	1	29.0	-893.967
00122.4081	-1	1	29.0	-816.568
00122.5344	-1	1	29.0	-184.595
00122.6611	-1	1	29.0	-624.708
00122.7877	-1	1	29.0	-419.307
00122.9141	-1	1	29.0	-789.033
00123.0422	-1	1	29.0	-407.941
00123.1690	-1	1	29.0	-724.129
00123.2957	-1	1	29.0	-743.307
00123.4228	-1	1	29.0	-264.501
00123.5483	-1	1	29.0	-194.422
00123.6746	-1	1	29.0	-567.569
00123.8012	-1	1	29.0	-540.765
00123.9274	-1	1	29.0	-399.741
00124.0543	-1	1	29.0	-219.616
00124.1812	-1	1	29.0	-164.286
00124.3069	-1	1	29.0	-775.385
00124.4333	-1	1	29.0	-405.892
00124.5595	-1	1	29.0	-330.302
00124.6860	-1	1	29.0	-959.249
00124.8123	-1	1	29.0	-378.494
00124.9395	-1	1	29.0	-594.882
00125.0663	-1	1	29.0	-591.748
00125.1930	-1	1	29.0	-775.854
00125.3197	-1	1	29.0	-891.145
00125.4523	-1	1	29.0	-973.275
00125.5780	-1	1	29.0	-850.604
00125.7047	-1	1	29.0	-240.602
00125.8312	-1	1	29.0	-632.511
00125.9578	-1	1	29.0	-627.188
00126.0919	-1	1	29.0	-167.187
00126.2182	-1	1	29.0	-207.720
00126.3500	-1	1	29.0	-989.189
00126.4778	-1	1	29.0	-216.248
00126.6034	-1	1	29.0	-375.412
00126.7297	-1	1	29.0	-325.106
00126.8561	-1	1	29.0	-820.572
00126.9849	-1	1	29.0	-636.527
00127.1116	-1	1	29.0	-825.378
00127.2383	-1	1	29.0	-185.357
00127.3650	-1	1	29.0	-238.157
00127.4966	-1	1	29.0	-292.319
00127.6222	-1	1	29.0	-864.634
00127.7486	-1	1	29.0	-801.390
00127.8753	-1	1	29.0	-9.765
00128.0023	-1	1	29.0	-687.523
00128.1279	-1	1	29.0	-25.630
00128.2538	-1	1	29.0	-240.301
00128.3804	-1	1	29.0	-132.375
00128.5071	-1	1	29.0	-671.837
00128.6327	-1	1	29.0	-168.635
00128.7613	-1	1	29.0	-474.419
00128.8879	-1	1	29.0	-151.356
00129.0143	-1	1	29.0	-183.232
00129.1407	-1	1	29.0	-50.520
00129.2665	-1	1	29.0	-944.649
00129.3926	-1	1	29.0	-888.355
00129.5190	-1	1	29.0	-277.888
00129.6458	-1	1	29.0	-322.171
00129.7717	-1	1	29.0	-37.588
00129.9013	-1	1	29.0	-435.132
00130.0280	-1	1	29.0	-25.235
00130.1546	-1	1	29.0	-396.146
00130.2809	-1	1	29.0	-637.205
00130.4076	-1	1	29.0	-839.499
00130.5341	-1	1	29.0	-831.597
00130.6598	-1	1	29.0	-272.306
00130.7862	-1	1	29.0	-423.514
00130.9128	-1	1	29.0	-418.846
00131.0396	-1	1	29.0	-701.501
00131.1666	-1	1	29.0	-315.084
00131.2934	-1	1	29.0	-673.289
00131.4201	-1	1	29.0	-95.136
00131.5458	-1	1	29.0	-533.358
00131.6725	-1	1	29.0	-742.423
00131.7993	-1	1	29.0	-769.303
00131.9260	-1	1	29.0	-30.393
00132.0527	-1	1	29.0	-867.199
00132.1789	-1	1	29.0	-428.264
00132.3065	-1	1	29.0	-788.998
00132.4434	-1	1	29.0	-111.290
00132.5688	-1	1	29.0	-874.058
00132.6952	-1	1	29.0	-244.482
00132.8219	-1	1	29.0	-642.055
00132.9663	-1	1	29.0	-473.503
00133.0929	-1	1	29.0	-793.383
00133.2232	-1	1	29.0	-313.392
00133.3498	-1	1	29.0	-114.078
00133.4761	-1	1	29.0	-746.893
00133.6018	-1	1	29.0	-528.481
00133.7282	-1	1	29.0	-470.429
00133.8549	-1	1	29.0	-333.697
00133.9852	-1	1	29.0	-936.287
00134.1191	-1	1	29.0	-113.054
00134.2450	-1	1	29.0	-691.504
00134.3734	-1	1	29.0	-528.492
00134.5001	-1	1	29.0	-647.820
00134.6275	-1	1	29.0	-944.698
00134.7564	-1	1	29.0	-973.500
00134.8819	-1	1	29.0	-654.391
00135.0275	-1	1	29.0	-916.452
00135.1540	-1	1	29.0	-816.503
00135.2809	-1	1	29.0	-600.815
00135.4093	-1	1	29.0	-106.843
00135.5388	-1	1	29.0	-728.208
00135.6652	-1	1	29.0	-749.272
00135.7914	-1	1	29.0	-262.683
00135.9178	-1	1	29.0	-254.718
00136.0453	-1	1	29.0	-946.569
00136.1721	-1	1	29.0	-817.757
00136.2986	-1	1	29.0	-878.305
00136.4252	-1	1	29.0	-893.437
00136.5507	-1	1	29.0	-670.565
00136.6772	-1	1	29.0	-767.326
00136.8039	-1	1	29.0	-289.863
00136.9294	-1	1	29.0	-330.704
00137.0562	-1	1	29.0	-492.696
00137.1829	-1	1	29.0	-726.570
00137.3093	-1	1	29.0	-114.420
00137.4363	-1	1	29.0	-529.558
00137.5633	-1	1	29.0	-826.512
00137.6890	-1	1	29.0	-559.054
00137.8153	-1	1	29.0	-615.965
00137.9420	-1	1	29.0	-655.540
00138.0688	-1	1	29.0	-109.095
00138.1993	-1	1	29.0	-532.066
00138.3302	-1	1	29.0	-528.391
00138.4564	-1	1	29.0	-376.538
00138.5830	-1	1	29.0	-340.592
00138.7095	-1	1	29.0	-518.372
00138.8359	-1	1	29.0	-685.776
00138.9632	-1	1	29.0	-762.781
00139.0902	-1	1	29.0	-234.869
00139.2166	-1	1	29.0	-371.886
00139.3430	-1	1	29.0	-497.682
00139.4698	-1	1	29.0	-287.813
00139.5958	-1	1	29.0	-95.903
00139.7223	-1	1	29.0	-177.107
00139.8492	-1	1	29.0	-441.541
00139.9768	-1	1	29.0	-389.612
00140.1044	-1	1	29.0	-921.761
00140.2310	-1	1	29.0	-367.533
00140.3611	-1	1	29.0	-231.989
00140.4872	-1	1	29.0	-184.990
00140.6129	-1	1	29.0	-799.887
00140.7384	-1	1	29.0	-381.601
00140.8663	-1	1	29.0	-426.478
00140.9926	-1	1	29.0	-101.386
00141.1311	-1	1	29.0	-184.639
00141.2624	-1	1	29.0	-436.730
00141.3892	-1	1	29.0	-567.533
00141.5156	-1	1	29.0	-237.365
00141.6422	-1	1	29.0	-490.695
00141.7689	-1	1	29.0	-255.841
00141.8952	-1	1	29.0	-440.597
00142.0218	-1	1	29.0	-407.458
00142.1486	-1	1	29.0	-156.431
00142.2753	-1	1	29.0	-549.562
00142.4020	-1	1	29.0	-727.291
00142.5309	-1	1	29.0	-621.514
00142.6568	-1	1	29.0	-980.002
00142.7833	-1	1	29.0	-772.580
00142.9100	-1	1	29.0	-110.823
00143.0380	-1	1	29.0	-54.794
00143.1734	-1	1	29.0	-733.140
00143.3001	-1	1	29.0	-141.233
00143.4258	-1	1	29.0	-950.094
00143.5526	-1	1	29.0	-876.475
00143.6934	-1	1	29.0	-829.861
00143.8191	-1	1	29.0	-796.713
00143.9453	-1	1	29.0	-332.986
00144.0722	-1	1	29.0	-718.521
00144.2001	-1	1	29.0	-733.808
00144.3265	-1	1	29.0	-454.551
00144.4531	-1	1	29.0	-189.852
00144.5820	-1	1	29.0	-811.019
00144.7094	-1	1	29.0	-759.775
00144.8355	-1	1	29.0	-821.389
00144.9625	-1	1	29.0	-239.707
00145.0934	-1	1	29.0	-801.350
00145.2202	-1	1	29.0	-779.996
00145.3472	-1	1	29.0	-348.005
00145.4735	-1	1	29.0	-851.762
00145.5991	-1	1	29.0	-467.904
00145.7258	-1	1	29.0	-452.246
00145.8526	-1	1	29.0	-653.425
00145.9795	-1	1	29.0	-437.522
00146.1068	-1	1	29.0	-479.640
00146.2430	-1	1	29.0	-522.175
00146.3694	-1	1	29.0	-678.224
00146.4959	-1	1	29.0	-114.703
00146.6222	-1	1	29.0	-812.087
00146.7490	-1	1	29.0	-533.700
00146.8813	-1	1	29.0	-337.985
00147.0072	-1	1	29.0	-73.530
00147.1423	-1	1	29.0	-362.836
00147.2762	-1	1	29.0	-604.625
00147.4032	-1	1	29.0	-795.216
00147.5300	-1	1	29.0	-306.020
00147.6563	-1	1	29.0	-3.412
00147.7831	-1	1	29.0	-951.067
00147.9096	-1	1	29.0	-391.777
00148.0352	-1	1	29.0	-314.497
00148.1609	-1	1	29.0	-581.068
00148.2865	-1	1	29.0	-346.396
00148.4128	-1	1	29.0	-792.645
00148.5392	-1	1	29.0	-872.394
00148.6781	-1	1	29.0	-87.601
00148.8060	-1	1	29.0	-44.130
00148.9365	-1	1	29.0	-855.770
00149.0619	-1	1	29.0	-286.118
00149.1879	-1	1	29.0	-471.312
00149.3146	-1	1	29.0	-171.447
00149.4412	-1	1	29.0	-980.313
00149.5678	-1	1	29.0	-739.049
00149.6942	-1	1	29.0	-884.500
00149.8216	-1	1	29.0	-923.215
00149.9481	-1	1	29.0	-654.997
00150.0749	-1	1	29.0	-177.070
00150.2017	-1	1	29.0	-686.039
00150.3284	-1	1	29.0	-336.995
00150.4554	-1	1	29.0	-227.167
00150.5817	-1	1	29.0	-660.277
00150.7083	-1	1	29.0	-884.584
00150.8350	-1	1	29.0	-438.389
00150.9678	-1	1	29.0	-314.857
00151.1043	-1	1	29.0	-105.362
00151.2311	-1	1	29.0	-354.605
00151.3590	-1	1	29.0	-101.617
00151.4845	-1	1	29.0	-726.471
00151.6112	-1	1	29.0	-293.466
00151.7374	-1	1	29.0	-504.917
00151.8648	-1	1	29.0	-861.339
00151.9918	-1	1	29.0	-474.438
00152.1253	-1	1	29.0	-741.974
00152.2521	-1	1	29.0	-531.792
00152.3785	-1	1	29.0	-677.839
00152.5048	-1	1	29.0	-516.004
00152.6316	-1	1	29.0	-489.020
00152.7575	-1	1	29.0	-122.511
00152.8835	-1	1	29.0	-833.732
00153.0108	-1	1	29.0	-455.009
00153.1373	-1	1	29.0	-143.333
00153.2638	-1	1	29.0	-72.590
00153.3909	-1	1	29.0	-945.750
00153.5168	-1	1	29.0	-347.671
00153.6426	-1	1	29.0	-972.350
00153.7689	-1	1	29.0	-166.993
00153.8960	-1	1	29.0	-580.637
00154.0216	-1	1	29.0	-933.699
00154.1479	-1	1	29.0	-869.971
00154.2742	-1	1	29.0	-640.515
00154.4005	-1	1	29.0	-258.916
00154.5272	-1	1	29.0	-664.093
00154.6538	-1	1	29.0	-499.614
00154.7807	-1	1	29.0	-882.539
00154.9148	-1	1	29.0	-892.878
00155.0425	-1	1	29.0	-833.510
00155.1689	-1	1	29.0	-367.497
00155.2954	-1	1	29.0	-524.719
00155.4330	-1	1	29.0	-72.222
00155.5592	-1	1	29.0	-665.212
00155.6859	-1	1	29.0	-217.399
00155.8125	-1	1	29.0	-285.613
00155.9391	-1	1	29.0	-388.321
00156.0655	-1	1	29.0	-777.584
00156.1932	-1	1	29.0	-677.526
00156.3189	-1	1	29.0	-561.824
00156.4464	-1	1	29.0	-673.259
00156.5731	-1	1	29.0	-708.675
00156.6994	-1	1	29.0	-641.094
00156.8258	-1	1	29.0	-431.695
00156.9522	-1	1	29.0	-860.518
00157.0803	-1	1	29.0	-311.117
00157.2075	-1	1	29.0	-85.024
00157.3331	-1	1	29.0	-881.248
00157.4586	-1	1	29.0	-107.208
00157.5849	-1	1	29.0	-758.191
00157.7118	-1	1	29.0	-639.897
00157.8382	-1	1	29.0	-668.318
00157.9667	-1	1	29.0	-171.783
00158.0936	-1	1	29.0	-613.174
00158.2207	-1	1	29.0	-789.063
00158.3508	-1	1	29.0	-961.528
00158.4773	-1	1	29.0	-870.368
00158.6040	-1	1	29.0	-731.115
00158.7325	-1	1	29.0	-837.591
00158.8650	-1	1	29.0	-838.998
00158.9966	-1	1	29.0	-518.644
00159.1296	-1	1	29.0	-576.609
00159.2617	-1	1	29.0	-44.051
00159.3872	-1	1	29.0	-616.346
00159.5136	-1	1	29.0	-317.788
00159.6402	-1	1	29.0	-937.609
00159.7776	-1	1	29.0	-748.877
00159.9044	-1	1	29.0	-931.812
00160.0311	-1	1	29.0	-545.981
00160.1578	-1	1	29.0	-516.497
00160.2842	-1	1	29.0	-560.882
00160.4107	-1	1	29.0	-992.936
00160.5362	-1	1	29.0	-767.291
00160.6627	-1	1	29.0	-396.354
00160.7905	-1	1	29.0	-979.777
00160.9203	-1	1	29.0	-135.923
00161.0470	-1	1	29.0	-283.547
00161.1738	-1	1	29.0	-112.622
00161.3036	-1	1	29.0	-207.130
00161.4292	-1	1	29.0	-168.902
00161.5556	-1	1	29.0	-768.170
00161.6819	-1	1	29.0	-307.106
00161.8096	-1	1	29.0	-678.681
00161.9360	-1	1	29.0	-167.336
00162.0635	-1	1	29.0	-609.662
00162.1898	-1	1	29.0	-916.236
00162.3166	-1	1	29.0	-366.913
00162.4429	-1	1	29.0	-12.313
00162.5692	-1	1	29.0	-45.938
00162.6956	-1	1	29.0	-506.798
00162.8237	-1	1	29.0	-147.849
00162.9643	-1	1	29.0	-78.844
00163.0913	-1	1	29.0	-178.138
00163.2177	-1	1	29.0	-244.518
00163.3444	-1	1	29.0	-951.351
00163.4734	-1	1	29.0	-693.171
00163.5989	-1	1	29.0	-882.260
00163.7253	-1	1	29.0	-914.763
00163.8532	-1	1	29.0	-922.063
00163.9867	-1	1	29.0	-868.648
00164.1133	-1	1	29.0	-458.481
00164.2398	-1	1	29.0	-788.844
00164.3662	-1	1	29.0	-68.054
00164.4918	-1	1	29.0	-732.479
00164.6181	-1	1	29.0	-520.160
00164.7506	-1	1	29.0	-464.432
00164.8776	-1	1	29.0	-77.702
00165.0051	-1	1	29.0	-201.646
00165.1322	-1	1	29.0	-601.351
00165.2602	-1	1	29.0	-417.266
00165.3861	-1	1	29.0	-349.663
00165.5130	-1	1	29.0	-828.401
00165.6393	-1	1	29.0	-517.176
00165.7657	-1	1	29.0	-746.729
00165.8923	-1	1	29.0	-293.256
00166.0189	-1	1	29.0	-24.684
00166.1505	-1	1	29.0	-741.771
00166.2760	-1	1	29.0	-631.150
00166.4029	-1	1	29.0	-561.755
00166.5344	-1	1	29.0	-797.406
00166.6603	-1	1	29.0	-576.021
00166.7860	-1	1	29.0	-840.988
00166.9129	-1	1	29.0	-425.267
00167.0395	-1	1	29.0	-138.810
00167.1661	-1	1	29.0	-805.960
00167.2928	-1	1	29.0	-230.007
00167.4195	-1	1	29.0	-324.231
00167.5452	-1	1	29.0	-31.190
00167.6719	-1	1	29.0	-607.008
00167.7982	-1	1	29.0	-453.516
00167.9252	-1	1	29.0	-779.242
00168.0594	-1	1	29.0	-727.749
00168.1858	-1	1	29.0	-626.507
00168.3143	-1	1	29.0	-739.526
00168.4411	-1	1	29.0	-564.079
00168.5674	-1	1	29.0	-347.573
00168.6930	-1	1	29.0	-583.029
00168.8186	-1	1	29.0	-782.358
00168.9451	-1	1	29.0	-850.930
00169.0719	-1	1	29.0	-451.870
00169.1987	-1	1	29.0	-880.900
00169.3255	-1	1	29.0	-458.923
00169.4523	-1	1	29.0	-685.856
00169.5812	-1	1	29.0	-122.143
00169.7084	-1	1	29.0	-999.958
00169.8340	-1	1	29.0	-721.430
00169.9611	-1	1	29.0	-620.912
00170.0877	-1	1	29.0	-526.789
00170.2144	-1	1	29.0	-222.113
00170.3407	-1	1	29.0	-527.887
00170.4678	-1	1	29.0	-408.799
00170.5945	-1	1	29.0	-553.397
00170.7207	-1	1	29.0	-990.786
00170.8462	-1	1	29.0	-641.392
00170.9729	-1	1	29.0	-370.369
00171.0985	-1	1	29.0	-151.776
00171.2393	-1	1	29.0	-410.252
00171.3649	-1	1	29.0	-227.834
00171.4916	-1	1	29.0	-64.285
00171.6181	-1	1	29.0	-544.248
00171.7516	-1	1	29.0	-982.965
00171.8790	-1	1	29.0	-910.825
00172.0156	-1	1	29.0	-128.269
00172.1436	-1	1	29.0	-925.131
00172.2703	-1	1	29.0	-492.519
00172.3970	-1	1	29.0	-358.920
00172.5233	-1	1	29.0	-240.557
00172.6501	-1	1	29.0	-14.488
00172.7774	-1	1	29.0	-680.618
00172.9066	-1	1	29.0	-755.622
00173.0329	-1	1	29.0	-143.924
00173.1598	-1	1	29.0	-42.072
00173.2921	-1	1	29.0	-244.237
00173.4188	-1	1	29.0	-555.077
00173.5458	-1	1	29.0	-548.730
00173.6721	-1	1	29.0	-617.437
00173.7986	-1	1	29.0	-205.693
00173.9254	-1	1	29.0	-726.918
00174.0521	-1	1	29.0	-966.202
00174.1788	-1	1	29.0	-415.567
00174.3055	-1	1	29.0	-313.706
00174.4321	-1	1	29.0	-313.404
00174.5580	-1	1	29.0	-753.628
00174.6846	-1	1	29.0	-445.091
00174.8112	-1	1	29.0	-910.465
00174.9375	-1	1	29.0	-430.803
00175.0643	-1	1	29.0	-151.634
00175.1908	-1	1	29.0	-742.586
00175.3171	-1	1	29.0	-303.654
00175.4437	-1	1	29.0	-677.097
00175.5700	-1	1	29.0	-544.166
00175.6964	-1	1	29.0	-289.821
00175.8231	-1	1	29.0	-650.397
00175.9494	-1	1	29.0	-357.471
00176.0797	-1	1	29.0	-159.049
00176.2061	-1	1	29.0	-276.077
00176.3327	-1	1	29.0	-893.704
00176.4595	-1	1	29.0	-804.995
00176.5862	-1	1	29.0	-801.537
00176.7129	-1	1	29.0	-982.442
00176.8397	-1	1	29.0	-366.433
00176.9683	-1	1	29.0	-997.428
00177.1028	-1	1	29.0	-754.626
00177.2283	-1	1	29.0	-434.427
00177.3552	-1	1	29.0	-556.956
00177.4822	-1	1	29.0	-166.348
00177.6146	-1	1	29.0	-678.093
00177.7413	-1	1	29.0	-717.597
00177.8677	-1	1	29.0	-438.402
00177.9946	-1	1	29.0	-960.385
00178.1217	-1	1	29.0	-894.519
00178.2484	-1	1	29.0	-499.806
00178.3755	-1	1	29.0	-773.867
00178.5013	-1	1	29.0	-750.929
00178.6273	-1	1	29.0	-675.662
00178.7539	-1	1	29.0	-517.456
00178.8802	-1	1	29.0	-674.057
00179.0068	-1	1	29.0	-752.293
00179.1337	-1	1	29.0	-523.451
00179.2605	-1	1	29.0	-935.615
00179.3889	-1	1	29.0	-598.983
00179.5230	-1	1	29.0	-99.381
00179.6485	-1	1	29.0	-28.796
00179.7749	-1	1	29.0	-552.453
00179.9013	-1	1	29.0	-718.378
00180.0288	-1	1	29.0	-850.038
00180.1543	-1	1	29.0	-940.207
00180.2810	-1	1	29.0	-517.826
00180.4083	-1	1	29.0	-102.191
00180.5352	-1	1	29.0	-411.465
00180.6617	-1	1	29.0	-959.139
00180.7880	-1	1	29.0	-726.385
00180.9144	-1	1	29.0	-306.808
00181.0399	-1	1	29.0	-950.624
00181.1673	-1	1	29.0	-664.121
00181.2942	-1	1	29.0	-772.429
00181.4210	-1	1	29.0	-903.116
00181.5574	-1	1	29.0	-499.030
00181.6841	-1	1	29.0	-330.642
00181.8097	-1	1	29.0	-62.925
00181.9363	-1	1	29.0	-51.538
00182.0629	-1	1	29.0	-186.558
00182.1893	-1	1	29.0	-778.863
00182.3164	-1	1	29.0	-153.482
00182.4421	-1	1	29.0	-52.365
00182.5685	-1	1	29.0	-810.417
00182.6953	-1	1	29.0	-787.186
00182.8220	-1	1	29.0	-700.850
00182.9483	-1	1	29.0	-511.512
00183.0820	-1	1	29.0	-536.347
00183.2097	-1	1	29.0	-522.709
00183.3353	-1	1	29.0	-898.665
00183.4620	-1	1	29.0	-203.381
00183.5882	-1	1	29.0	-977.257
00183.7198	-1	1	29.0	-848.328
00183.8468	-1	1	29.0	-906.018
00183.9729	-1	1	29.0	-522.144
00184.0996	-1	1	29.0	-440.547
00184.2286	-1	1	29.0	-290.990
00184.3550	-1	1	29.0	-710.584
00184.4825	-1	1	29.0	-124.278
00184.6092	-1	1	29.0	-518.804
00184.7355	-1	1	29.0	-709.936
00184.8626	-1	1	29.0	-421.652
00184.9891	-1	1	29.0	-437.770
00185.1160	-1	1	29.0	-598.265
00185.2427	-1	1	29.0	-362.678
00185.3699	-1	1	29.0	-641.821
00185.4979	-1	1	29.0	-473.124
00185.6236	-1	1	29.0	-227.446
00185.7498	-1	1	29.0	-898.466
00185.8765	-1	1	29.0	-177.884
00186.0031	-1	1	29.0	-809.761
00186.1286	-1	1	29.0	-49.252
00186.2556	-1	1	29.0	-55.998
00186.3823	-1	1	29.0	-266.854
00186.5168	-1	1	29.0	-533.476
00186.6425	-1	1	29.0	-902.134
00186.7688	-1	1	29.0	-668.959
00186.8952	-1	1	29.0	-885.270
00187.0220	-1	1	29.0	-253.504
00187.1475	-1	1	29.0	-407.201
00187.2741	-1	1	29.0	-425.932
00187.3997	-1	1	29.0	-961.687
00187.5264	-1	1	29.0	-645.262
00187.6528	-1	1	29.0	-986.760
00187.7793	-1	1	29.0	-377.453
00187.9153	-1	1	29.0	-168.586
00188.0421	-1	1	29.0	-230.395
00188.1770	-1	1	29.0	-904.744
00188.3036	-1	1	29.0	-995.045
00188.4300	-1	1	29.0	-669.938
00188.5565	-1	1	29.0	-40.490
00188.6832	-1	1	29.0	-984.913
00188.8098	-1	1	29.0	-538.132
00188.9548	-1	1	29.0	-37.386
00189.0816	-1	1	29.0	-573.779
00189.2092	-1	1	29.0	-928.763
00189.3367	-1	1	29.0	-7.210
00189.4631	-1	1	29.0	-915.876
00189.5899	-1	1	29.0	-658.469
00189.7161	-1	1	29.0	-967.799
00189.8426	-1	1	29.0	-302.971
00189.9691	-1	1	29.0	-918.927
00190.0959	-1	1	29.0	-979.001
00190.2227	-1	1	29.0	-596.993
00190.3495	-1	1	29.0	-437.248
00190.4815	-1	1	29.0	-888.588
00190.6086	-1	1	29.0	-1.394
00190.7367	-1	1	29.0	-923.423
00190.8635	-1	1	29.0	-21.861
00190.9985	-1	1	29.0	-714.312
00191.1252	-1	1	29.0	-701.700
00191.2516	-1	1	29.0	-891.095
00191.3772	-1	1	29.0	-367.900
00191.5039	-1	1	29.0	-808.870
00191.6295	-1	1	29.0	-374.988
00191.7562	-1	1	29.0	-444.944
00191.8824	-1	1	29.0	-818.897
00192.0092	-1	1	29.0	-335.603
00192.1365	-1	1	29.0	-660.637
00192.2650	-1	1	29.0	-315.174
00192.3931	-1	1	29.0	-866.493
00192.5194	-1	1	29.0	-53.221
00192.6458	-1	1	29.0	-198.010
00192.7721	-1	1	29.0	-409.510
00192.8985	-1	1	29.0	-988.603
00193.0242	-1	1	29.0	-864.676
00193.1633	-1	1	29.0	-359.428
00193.2919	-1	1	29.0	-897.580
00193.4183	-1	1	29.0	-166.860
00193.5438	-1	1	29.0	-672.054
00193.6702	-1	1	29.0	-697.044
00193.7965	-1	1	29.0	-232.749
00193.9231	-1	1	29.0	-891.255
00194.0536	-1	1	29.0	-309.020
00194.1799	-1	1	29.0	-815.166
00194.3054	-1	1	29.0	-23.465
00194.4323	-1	1	29.0	-791.086
00194.5587	-1	1	29.0	-548.248
00194.6867	-1	1	29.0	-605.945
00194.8123	-1	1	29.0	-122.003
00194.9388	-1	1	29.0	-79.115
00195.0650	-1	1	29.0	-64.584
00195.1915	-1	1	29.0	-842.786
00195.3293	-1	1	29.0	-498.384
00195.4562	-1	1	29.0	-996.047
00195.5825	-1	1	29.0	-348.055
00195.7088	-1	1	29.0	-810.265
00195.8355	-1	1	29.0	-914.309
00195.9618	-1	1	29.0	-606.308
00196.0924	-1	1	29.0	-343.401
00196.2224	-1	1	29.0	-488.795
00196.3482	-1	1	29.0	-384.180
00196.4750	-1	1	29.0	-544.646
00196.6019	-1	1	29.0	-759.936
00196.7274	-1	1	29.0	-422.531
00196.8541	-1	1	29.0	-616.502
00196.9806	-1	1	29.0	-719.850
00197.1074	-1	1	29.0	-352.345
00197.2341	-1	1	29.0	-655.095
00197.3607	-1	1	29.0	-563.930
00197.4888	-1	1	29.0	-7.574
00197.6144	-1	1	29.0	-628.913
00197.7408	-1	1	29.0	-414.486
00197.8675	-1	1	29.0	-270.531
00197.9936	-1	1	29.0	-416.754
00198.1232	-1	1	29.0	-471.702
00198.2501	-1	1	29.0	-188.231
00198.3769	-1	1	29.0	-640.624
00198.5034	-1	1	29.0	-586.051
00198.6301	-1	1	29.0	-296.344
00198.7598	-1	1	29.0	-535.569
00198.8866	-1	1	29.0	-330.615
00199.0243	-1	1	29.0	-150.485
00199.1498	-1	1	29.0	-997.581
00199.2767	-1	1	29.0	-702.395
00199.4033	-1	1	29.0	-401.479
00199.5301	-1	1	29.0	-430.308
00199.6555	-1	1	29.0	-310.347
00199.7820	-1	1	29.0	-385.478
00199.9085	-1	1	29.0	-789.238
00200.0403	-1	1	29.0	-6.508
00200.1658	-1	1	29.0	-250.842
00200.2926	-1	1	29.0	-249.118
00200.4192	-1	1	29.0	-694.879
00200.5455	-1	1	29.0	-82.080
00200.6715	-1	1	29.0	-221.949
00200.7978	-1	1	29.0	-236.673
00200.9244	-1	1	29.0	-464.526
00201.0507	-1	1	29.0	-31.816
00201.1780	-1	1	29.0	-189.441
00201.3048	-1	1	29.0	-571.238
00201.4314	-1	1	29.0	-883.516
00201.5684	-1	1	29.0	-313.850
00201.6951	-1	1	29.0	-137.779
00201.8219	-1	1	29.0	-114.075
00201.9481	-1	1	29.0	-185.847
00202.0838	-1	1	29.0	-591.302
00202.2102	-1	1	29.0	-535.131
00202.3512	-1	1	29.0	-293.339
00202.4777	-1	1	29.0	-45.528
00202.6044	-1	1	29.0	-44.254
00202.7314	-1	1	29.0	-695.531
00202.8570	-1	1	29.0	-628.670
00202.9835	-1	1	29.0	-780.603
00203.1104	-1	1	29.0	-579.005
00203.2368	-1	1	29.0	-452.260
00203.3642	-1	1	29.0	-984.590
00203.4905	-1	1	29.0	-984.099
00203.6206	-1	1	29.0	-74.408
00203.7464	-1	1	29.0	-804.013
00203.8747	-1	1	29.0	-876.906
00204.0011	-1	1	29.0	-267.467
00204.1283	-1	1	29.0	-93.054
00204.2540	-1	1	29.0	-672.737
00204.3796	-1	1	29.0	-696.493
00204.5061	-1	1	29.0	-170.488
00204.6329	-1	1	29.0	-806.204
00204.7592	-1	1	29.0	-681.892
00204.8857	-1	1	29.0	-996.296
00205.0123	-1	1	29.0	-383.543
00205.1391	-1	1	29.0	-584.057
00205.2717	-1	1	29.0	-264.728
00205.3986	-1	1	29.0	-902.593
00205.5245	-1	1	29.0	-158.650
00205.6508	-1	1	29.0	-187.433
00205.7772	-1	1	29.0	-226.731
00205.9039	-1	1	29.0	-775.216
00206.0308	-1	1	29.0	-127.773
00206.1571	-1	1	29.0	-480.112
00206.2826	-1	1	29.0	-475.582
00206.4093	-1	1	29.0	-508.129
00206.5357	-1	1	29.0	-604.517
00206.6625	-1	1	29.0	-581.826
00206.7893	-1	1	29.0	-376.134
00206.9157	-1	1	29.0	-485.116
00207.0425	-1	1	29.0	-282.597
00207.1686	-1	1	29.0	-574.815
00207.2953	-1	1	29.0	-58.546
00207.4218	-1	1	29.0	-93.469
00207.5488	-1	1	29.0	-97.520
00207.6751	-1	1	29.0	-236.193
00207.8018	-1	1	29.0	-279.370
00207.9312	-1	1	29.0	-918.990
00208.0585	-1	1	29.0	-188.965
00208.1860	-1	1	29.0	-719.754
00208.3132	-1	1	29.0	-568.122
00208.4399	-1	1	29.0	-665.400
00208.5666	-1	1	29.0	-517.545
00208.6932	-1	1	29.0	-559.861
00208.8194	-1	1	29.0	-341.405
00208.9459	-1	1	29.0	-162.593
00209.0727	-1	1	29.0	-390.153
00209.2052	-1	1	29.0	-669.642
00209.3317	-1	1	29.0	-553.175
00209.4584	-1	1	29.0	-62.072
00209.5924	-1	1	29.0	-844.819
00209.7397	-1	1	29.0	-566.964
00209.8664	-1	1	29.0	-441.944
00210.0025	-1	1	29.0	-547.285
00210.1300	-1	1	29.0	-387.532
00210.2602	-1	1	29.0	-598.097
00210.3862	-1	1	29.0	-772.942
00210.5142	-1	1	29.0	-429.426
00210.6410	-1	1	29.0	-609.471
00210.7673	-1	1	29.0	-627.124
00210.8940	-1	1	29.0	-512.614
00211.0212	-1	1	29.0	-417.428
00211.1477	-1	1	29.0	-436.956
00211.2745	-1	1	29.0	-375.157
00211.4009	-1	1	29.0	-342.154
00211.5274	-1	1	29.0	-428.292
00211.6533	-1	1	29.0	-711.018
00211.7800	-1	1	29.0	-701.834
00211.9063	-1	1	29.0	-484.236
00212.0330	-1	1	29.0	-23.216
00212.1587	-1	1	29.0	-856.354
00212.2854	-1	1	29.0	-453.830
00212.4110	-1	1	29.0	-986.288
00212.5378	-1	1	29.0	-410.486
00212.6642	-1	1	29.0	-385.467
00212.7905	-1	1	29.0	-894.296
00212.9167	-1	1	29.0	-215.771
00213.0437	-1	1	29.0	-641.430
00213.1692	-1	1	29.0	-482.795
00213.2959	-1	1	29.0	-690.903
00213.4223	-1	1	29.0	-81.412
00213.5482	-1	1	29.0	-392.032
00213.6752	-1	1	29.0	-825.073
00213.8009	-1	1	29.0	-86.676
00213.9273	-1	1	29.0	-54.421
00214.0591	-1	1	29.0	-701.271
00214.1853	-1	1	29.0	-151.333
00214.3126	-1	1	29.0	-16.326
00214.4395	-1	1	29.0	-998.613
00214.5660	-1	1	29.0	-951.596
00214.6952	-1	1	29.0	-565.161
00214.8220	-1	1	29.0	-599.956
00214.9488	-1	1	29.0	-278.981
00215.0788	-1	1	29.0	-638.853
00215.2057	-1	1	29.0	-546.394
00215.3337	-1	1	29.0	-747.649
00215.4605	-1	1	29.0	-340.227
00215.5867	-1	1	29.0	-480.011
00215.7126	-1	1	29.0	-45.898
00215.8393	-1	1	29.0	-59.619
00215.9659	-1	1	29.0	-907.346
00216.0915	-1	1	29.0	-319.631
00216.2183	-1	1	29.0	-699.197
00216.3526	-1	1	29.0	-670.383
00216.4803	-1	1	29.0	-795.818
00216.6068	-1	1	29.0	-981.051
00216.7335	-1	1	29.0	-972.120
00216.8601	-1	1	29.0	-723.081
00216.9872	-1	1	29.0	-695.391
00217.1183	-1	1	29.0	-209.716
00217.2443	-1	1	29.0	-122.438
00217.3710	-1	1	29.0	-766.326
00217.4982	-1	1	29.0	-572.891
00217.6248	-1	1	29.0	-706.734
00217.7512	-1	1	29.0	-441.741
00217.8780	-1	1	29.0	-724.393
00218.0047	-1	1	29.0	-414.066
00218.1333	-1	1	29.0	-600.078
00218.2724	-1	1	29.0	-582.740
00218.4010	-1	1	29.0	-638.130
00218.5273	-1	1	29.0	-846.849
00218.6540	-1	1	29.0	-7.604
00218.7832	-1	1	29.0	-617.105
00218.9099	-1	1	29.0	-398.945
00219.0394	-1	1	29.0	-469.337
00219.1662	-1	1	29.0	-547.902
00219.2921	-1	1	29.0	-108.525
00219.4177	-1	1	29.0	-91.240
00219.5456	-1	1	29.0	-385.826
00219.6719	-1	1	29.0	-611.338
00219.7983	-1	1	29.0	-324.174
00219.9247	-1	1	29.0	-815.346
00220.0586	-1	1	29.0	-225.568
00220.1855	-1	1	29.0	-821.819
00220.3124	-1	1	29.0	-391.793
00220.4403	-1	1	29.0	-250.150
00220.5708	-1	1	29.0	-315.088
00220.6974	-1	1	29.0	-176.335
00220.8242	-1	1	29.0	-613.914
00220.9506	-1	1	29.0	-575.547
00221.0791	-1	1	29.0	-327.897
00221.2058	-1	1	29.0	-979.758
00221.3333	-1	1	29.0	-196.593
00221.4614	-1	1	29.0	-592.798
00221.5875	-1	1	29.0	-950.696
00221.7142	-1	1	29.0	-901.347
00221.8405	-1	1	29.0	-927.171
00221.9668	-1	1	29.0	-123.776
00222.0938	-1	1	29.0	-51.906
00222.2215	-1	1	29.0	-548.587
00222.3482	-1	1	29.0	-573.421
00222.4746	-1	1	29.0	-40.493
00222.6013	-1	1	29.0	-245.461
00222.7269	-1	1	29.0	-602.015
00222.8528	-1	1	29.0	-503.432
00222.9792	-1	1	29.0	-99.287
00223.1060	-1	1	29.0	-358.968
00223.2354	-1	1	29.0	-804.893
00223.3612	-1	1	29.0	-717.711
00223.4870	-1	1	29.0	-579.533
00223.6134	-1	1	29.0	-341.082
00223.7462	-1	1	29.0	-537.646
00223.8778	-1	1	29.0	-564.152
00224.0034	-1	1	29.0	-578.884
00224.1298	-1	1	29.0	-35.372
00224.2561	-1	1	29.0	-256.628
00224.3826	-1	1	29.0	-374.689
00224.5103	-1	1	29.0	-345.762
00224.6393	-1	1	29.0	-932.128
00224.7648	-1	1	29.0	-386.552
00224.8914	-1	1	29.0	-552.624
00225.0186	-1	1	29.0	-834.338
00225.1453	-1	1	29.0	-697.391
00225.2720	-1	1	29.0	-876.380
00225.3984	-1	1	29.0	-755.424
00225.5252	-1	1	29.0	-679.110
00225.6508	-1	1	29.0	-844.498
00225.7776	-1	1	29.0	-87.627
00225.9043	-1	1	29.0	-599.129
00226.0329	-1	1	29.0	-899.963
00226.1617	-1	1	29.0	-566.293
00226.2878	-1	1	29.0	-691.284
00226.4142	-1	1	29.0	-102.454
00226.5407	-1	1	29.0	-867.431
00226.6673	-1	1	29.0	-416.311
00226.7937	-1	1	29.0	-408.907
00226.9200	-1	1	29.0	-370.522
00227.0468	-1	1	29.0	-754.380
00227.1728	-1	1	29.0	-121.034
00227.3014	-1	1	29.0	-180.270
00227.4282	-1	1	29.0	-242.316
00227.5555	-1	1	29.0	-736.394
00227.6846	-1	1	29.0	-94.540
00227.8102	-1	1	29.0	-567.831
00227.9392	-1	1	29.0	-205.948
00228.0691	-1	1	29.0	-966.956
00228.2234	-1	1	29.0	-595.432
00228.3499	-1	1	29.0	-735.253
00228.4766	-1	1	29.0	-203.766
00228.6031	-1	1	29.0	-939.567
00228.7307	-1	1	29.0	-924.592
00228.8665	-1	1	29.0	-48.281
00228.9929	-1	1	29.0	-212.947
00229.1212	-1	1	29.0	-900.806
00229.2583	-1	1	29.0	-896.200
00229.3848	-1	1	29.0	-663.825
00229.5114	-1	1	29.0	-377.969
00229.6379	-1	1	29.0	-431.400
00229.7646	-1	1	29.0	-644.750
00229.8922	-1	1	29.0	-76.804
00230.0188	-1	1	29.0	-242.769
00230.1462	-1	1	29.0	-597.539
00230.2730	-1	1	29.0	-968.026
00230.3995	-1	1	29.0	-982.454
00230.5261	-1	1	29.0	-659.851
00230.6526	-1	1	29.0	-263.959
00230.7790	-1	1	29.0	-328.690
00230.9056	-1	1	29.0	-698.675
00231.0375	-1	1	29.0	-958.674
00231.1641	-1	1	29.0	-241.538
00231.2914	-1	1	29.0	-972.603
00231.4218	-1	1	29.0	-389.315
00231.5481	-1	1	29.0	-451.883
00231.6745	-1	1	29.0	-202.244
00231.8011	-1	1	29.0	-907.701
00231.9275	-1	1	29.0	-404.482
00232.0536	-1	1	29.0	-523.713
00232.1860	-1	1	29.0	-166.111
00232.3116	-1	1	29.0	-285.722
00232.4383	-1	1	29.0	-482.249
00232.5638	-1	1	29.0	-905.775
00232.6898	-1	1	29.0	-524.035
00232.8161	-1	1	29.0	-496.449
00232.9425	-1	1	29.0	-895.906
00233.0693	-1	1	29.0	-578.483
00233.1959	-1	1	29.0	-849.481
00233.3268	-1	1	29.0	-179.216
00233.4534	-1	1	29.0	-522.545
00233.5800	-1	1	29.0	-94.171
00233.7063	-1	1	29.0	-623.011
00233.8326	-1	1	29.0	-696.336
00233.9595	-1	1	29.0	-939.053
00234.0854	-1	1	29.0	-898.621
00234.2213	-1	1	29.0	-611.307
00234.3468	-1	1	29.0	-999.610
00234.4782	-1	1	29.0	-107.441
00234.6051	-1	1	29.0	-638.007
00234.7318	-1	1	29.0	-484.760
00234.8583	-1	1	29.0	-586.535
00234.9847	-1	1	29.0	-134.332
00235.1115	-1	1	29.0	-868.058
00235.2447	-1	1	29.0	-921.851
00235.3712	-1	1	29.0	-45.916
00235.4974	-1	1	29.0	-184.069
00235.6231	-1	1	29.0	-794.375
00235.7502	-1	1	29.0	-615.203
00235.8766	-1	1	29.0	-934.082
00236.0036	-1	1	29.0	-452.980
00236.1303	-1	1	29.0	-711.296
00236.2575	-1	1	29.0	-349.016
00236.3841	-1	1	29.0	-16.478
00236.5097	-1	1	29.0	-172.860
00236.6360	-1	1	29.0	-529.748
00236.7627	-1	1	29.0	-757.403
00236.8894	-1	1	29.0	-188.584
00237.0227	-1	1	29.0	-964.719
00237.1496	-1	1	29.0	-18.734
00237.2760	-1	1	29.0	-179.960
00237.4023	-1	1	29.0	-731.683
00237.5287	-1	1	29.0	-258.703
00237.6551	-1	1	29.0	-324.233
00237.7816	-1	1	29.0	-274.076
00237.9083	-1	1	29.0	-810.822
00238.0350	-1	1	29.0	-866.462
00238.1618	-1	1	29.0	-753.717
00238.2897	-1	1	29.0	-562.537
00238.4152	-1	1	29.0	-746.614
00238.5408	-1	1	29.0	-811.176
00238.6674	-1	1	29.0	-114.302
00238.7938	-1	1	29.0	-932.920
00238.9206	-1	1	29.0	-349.824
00239.0474	-1	1	29.0	-301.229
00239.1812	-1	1	29.0	-846.740
00239.3141	-1	1	29.0	-926.973
00239.4409	-1	1	29.0	-875.653
00239.5671	-1	1	29.0	-978.160
00239.6934	-1	1	29.0	-602.692
00239.8198	-1	1	29.0	-25.044
00239.9466	-1	1	29.0	-291.084
00240.0732	-1	1	29.0	-226.828
00240.1999	-1	1	29.0	-723.763
00240.3290	-1	1	29.0	-891.380
00240.4554	-1	1	29.0	-838.681
00240.5818	-1	1	29.0	-234.434
00240.7084	-1	1	29.0	-97.313
00240.8352	-1	1	29.0	-185.558
00240.9613	-1	1	29.0	-474.948
00241.0876	-1	1	29.0	-985.257
00241.2131	-1	1	29.0	-811.845
00241.3386	-1	1	29.0	-30.032
00241.4652	-1	1	29.0	-109.118
00241.5917	-1	1	29.0	-507.058
00241.7180	-1	1	29.0	-67.202
00241.8435	-1	1	29.0	-680.388
00241.9703	-1	1	29.0	-494.883
00242.0973	-1	1	29.0	-996.411
00242.2236	-1	1	29.0	-770.394
00242.3502	-1	1	29.0	-311.898
00242.4767	-1	1	29.0	-544.843
00242.6030	-1	1	29.0	-151.645
00242.7294	-1	1	29.0	-872.994
00242.8557	-1	1	29.0	-478.750
00242.9813	-1	1	29.0	-678.311
00243.1080	-1	1	29.0	-156.914
00243.2355	-1	1	29.0	-494.196
00243.3620	-1	1	29.0	-845.937
00243.4884	-1	1	29.0	-418.141
00243.6162	-1	1	29.0	-731.440
00243.7456	-1	1	29.0	-804.916
00243.8716	-1	1	29.0	-970.888
00243.9979	-1	1	29.0	-796.973
00244.1252	-1	1	29.0	-498.211
00244.2521	-1	1	29.0	-141.680
00244.3788	-1	1	29.0	-754.154
00244.5145	-1	1	29.0	-520.242
00244.6413	-1	1	29.0	-383.826
00244.7677	-1	1	29.0	-206.057
00244.8945	-1	1	29.0	-41.535
00245.0208	-1	1	29.0	-240.481
00245.1478	-1	1	29.0	-703.362
00245.2746	-1	1	29.0	-370.217
00245.4015	-1	1	29.0	-214.466
00245.5279	-1	1	29.0	-747.275
00245.6542	-1	1	29.0	-98.689
00245.7822	-1	1	29.0	-899.495
00245.9078	-1	1	29.0	-835.491
00246.0354	-1	1	29.0	-640.968
00246.1674	-1	1	29.0	-164.135
00246.2938	-1	1	29.0	-67.069
00246.4426	-1	1	29.0	-197.244
00246.5689	-1	1	29.0	-953.995
00246.6956	-1	1	29.0	-551.051
00246.8219	-1	1	29.0	-669.716
00246.9495	-1	1	29.0	-443.418
00247.0759	-1	1	29.0	-812.370
00247.2038	-1	1	29.0	-100.366
00247.3344	-1	1	29.0	-545.775
00247.4613	-1	1	29.0	-582.799
00247.5881	-1	1	29.0	-88.623
00247.7153	-1	1	29.0	-301.832
00247.8478	-1	1	29.0	-627.566
00247.9786	-1	1	29.0	-883.200
00248.1072	-1	1	29.0	-716.101
00248.2369	-1	1	29.0	-544.968
00248.3692	-1	1	29.0	-294.806
00248.5177	-1	1	29.0	-440.815
00248.6432	-1	1	29.0	-389.819
00248.7706	-1	1	29.0	-660.447
00248.8975	-1	1	29.0	-544.948
00249.0245	-1	1	29.0	-302.091
00249.1513	-1	1	29.0	-610.894
00249.2785	-1	1	29.0	-46.087
00249.4050	-1	1	29.0	-28.261
00249.5313	-1	1	29.0	-963.034
00249.6578	-1	1	29.0	-415.470
00249.7843	-1	1	29.0	-915.009
00249.9125	-1	1	29.0	-996.502
00250.0505	-1	1	29.0	-516.233
00250.2108	-1	1	29.0	-161.236
00250.3383	-1	1	29.0	-358.637
00250.4665	-1	1	29.0	-242.169
00250.5931	-1	1	29.0	-167.547
00250.7199	-1	1	29.0	-931.818
00250.8495	-1	1	29.0	-884.194
00250.9763	-1	1	29.0	-441.503
00251.1087	-1	1	29.0	-742.556
00251.2487	-1	1	29.0	-753.549
00251.3756	-1	1	29.0	-419.754
00251.5106	-1	1	29.0	-808.580
00251.6399	-1	1	29.0	-770.554
00251.7672	-1	1	29.0	-840.142
00251.8974	-1	1	29.0	-556.239
00252.0292	-1	1	29.0	-107.191
00252.1588	-1	1	29.0	-875.188
00252.2857	-1	1	29.0	-51.170
00252.4137	-1	1	29.0	-283.907
00252.5474	-1	1	29.0	-720.290
00252.6830	-1	1	29.0	-213.185
00252.8114	-1	1	29.0	-600.472
00252.9441	-1	1	29.0	-513.137
00253.0711	-1	1	29.0	-955.229
00253.2014	-1	1	29.0	-277.752
00253.3323	-1	1	29.0	-792.020
00253.4585	-1	1	29.0	-501.273
00253.5941	-1	1	29.0	-257.874
00253.7328	-1	1	29.0	-847.411
00253.8728	-1	1	29.0	-643.865
00254.0022	-1	1	29.0	-966.657
00254.1361	-1	1	29.0	-476.572
00254.2642	-1	1	29.0	-250.534
00254.4313	-1	1	29.0	-283.366
00254.5633	-1	1	29.0	-160.562
00254.6912	-1	1	29.0	-928.764
00254.8220	-1	1	29.0	-235.355
00254.9492	-1	1	29.0	-466.442
00255.0761	-1	1	29.0	-79.113
00255.2026	-1	1	29.0	-720.891
00255.3361	-1	1	29.0	-109.091
00255.4621	-1	1	29.0	-914.527
00255.5943	-1	1	29.0	-368.714
00255.7208	-1	1	29.0	-57.376
00255.8472	-1	1	29.0	-306.586
00255.9738	-1	1	29.0	-705.822
00256.1003	-1	1	29.0	-812.287
00256.2276	-1	1	29.0	-761.056
00256.3546	-1	1	29.0	-779.902
00256.4822	-1	1	29.0	-850.430
00256.6090	-1	1	29.0	-136.523
00256.7346	-1	1	29.0	-404.878
00256.8613	-1	1	29.0	-154.129
00256.9882	-1	1	29.0	-222.840
00257.1153	-1	1	29.0	-931.778
00257.2409	-1	1	29.0	-217.488
00257.3677	-1	1	29.0	-695.215
00257.4967	-1	1	29.0	-341.237
00257.6222	-1	1	29.0	-689.294
00257.7485	-1	1	29.0	-616.303
00257.8753	-1	1	29.0	-576.164
00258.0112	-1	1	29.0	-390.330
00258.1551	-1	1	29.0	-205.362
00258.2817	-1	1	29.0	-725.035
00258.4094	-1	1	29.0	-646.750
00258.5365	-1	1	29.0	-841.174
00258.6652	-1	1	29.0	-489.165
00258.7917	-1	1	29.0	-275.055
00258.9203	-1	1	29.0	-227.246
00259.0470	-1	1	29.0	-301.980
00259.1740	-1	1	29.0	-246.789
00259.3054	-1	1	29.0	-501.952
00259.4327	-1	1	29.0	-523.528
00259.5599	-1	1	29.0	-417.027
00259.6861	-1	1	29.0	-740.299
00259.8263	-1	1	29.0	-53.187
00259.9539	-1	1	29.0	-22.982
00260.0893	-1	1	29.0	-258.783
00260.2149	-1	1	29.0	-71.448
00260.3416	-1	1	29.0	-962.335
00260.4679	-1	1	29.0	-121.114
00260.5945	-1	1	29.0	-223.596
00260.7210	-1	1	29.0	-421.813
00260.8475	-1	1	29.0	-386.974
00260.9736	-1	1	29.0	-774.003
00261.1012	-1	1	29.0	-924.449
00261.2279	-1	1	29.0	-764.337
00261.3549	-1	1	29.0	-350.752
00261.4813	-1	1	29.0	-298.302
00261.6069	-1	1	29.0	-965.932
00261.7333	-1	1	29.0	-294.949
00261.8600	-1	1	29.0	-318.178
00261.9864	-1	1	29.0	-296.523
00262.1132	-1	1	29.0	-3.701
00262.2442	-1	1	29.0	-237.181
00262.3752	-1	1	29.0	-73.045
00262.5103	-1	1	29.0	-833.814
00262.6360	-1	1	29.0	-765.118
00262.7626	-1	1	29.0	-947.879
00262.8896	-1	1	29.0	-858.325
00263.0246	-1	1	29.0	-259.559
00263.1582	-1	1	29.0	-59.274
00263.2853	-1	1	29.0	-978.455
00263.4120	-1	1	29.0	-866.607
00263.5472	-1	1	29.0	-89.273
00263.6735	-1	1	29.0	-749.045
00263.7998	-1	1	29.0	-457.676
00263.9286	-1	1	29.0	-647.897
00264.0541	-1	1	29.0	-31.484
00264.1808	-1	1	29.0	-114.891
00264.3072	-1	1	29.0	-450.383
00264.4335	-1	1	29.0	-269.241
00264.5648	-1	1	29.0	-613.945
00264.6928	-1	1	29.0	-141.384
00264.8196	-1	1	29.0	-698.995
00264.9460	-1	1	29.0	-642.080
00265.0740	-1	1	29.0	-989.935
00265.2007	-1	1	29.0	-557.537
00265.3294	-1	1	29.0	-837.489
00265.4565	-1	1	29.0	-639.299
00265.5823	-1	1	29.0	-837.254
00265.7100	-1	1	29.0	-206.028
00265.8373	-1	1	29.0	-748.826
00265.9637	-1	1	29.0	-434.730
00266.0956	-1	1	29.0	-776.294
00266.2242	-1	1	29.0	-549.101
00266.3503	-1	1	29.0	-407.116
00266.4770	-1	1	29.0	-890.525
00266.6034	-1	1	29.0	-923.694
00266.7290	-1	1	29.0	-194.045
00266.8545	-1	1	29.0	-928.696
00266.9799	-1	1	29.0	-184.784
00267.1092	-1	1	29.0	-515.882
00267.2348	-1	1	29.0	-177.115
00267.3616	-1	1	29.0	-289.537
00267.4879	-1	1	29.0	-437.149
00267.6143	-1	1	29.0	-904.602
00267.7418	-1	1	29.0	-575.167
00267.8687	-1	1	29.0	-505.245
00268.0004	-1	1	29.0	-411.379
00268.1333	-1	1	29.0	-672.489
00268.2670	-1	1	29.0	-535.340
00268.3927	-1	1	29.0	-318.961
00268.5198	-1	1	29.0	-830.568
00268.6462	-1	1	29.0	-375.532
00268.7743	-1	1	29.0	-614.150
00268.9091	-1	1	29.0	-556.118
00269.0353	-1	1	29.0	-176.493
00269.1637	-1	1	29.0	-109.869
00269.2959	-1	1	29.0	-945.246
00269.4280	-1	1	29.0	-695.351
00269.5556	-1	1	29.0	-792.276
00269.6812	-1	1	29.0	-837.883
00269.8098	-1	1	29.0	-42.871
00269.9400	-1	1	29.0	-461.046
00270.0718	-1	1	29.0	-61.743
00270.1997	-1	1	29.0	-950.125
00270.3258	-1	1	29.0	-314.868
00270.4527	-1	1	29.0	-733.826
00270.5796	-1	1	29.0	-276.657
00270.7077	-1	1	29.0	-833.836
00270.8344	-1	1	29.0	-786.054
00270.9611	-1	1	29.0	-114.293
00271.0889	-1	1	29.0	-970.382
00271.2171	-1	1	29.0	-386.292
00271.3445	-1	1	29.0	-708.610
00271.4700	-1	1	29.0	-651.292
00271.5965	-1	1	29.0	-996.192
00271.7233	-1	1	29.0	-870.799
00271.8519	-1	1	29.0	-302.450
00271.9783	-1	1	29.0	-867.563
00272.1050	-1	1	29.0	-385.518
00272.2305	-1	1	29.0	-500.145
00272.3570	-1	1	29.0	-384.100
00272.4851	-1	1	29.0	-766.392
00272.6115	-1	1	29.0	-823.484
00272.7379	-1	1	29.0	-617.459
00272.8646	-1	1	29.0	-751.661
00272.9959	-1	1	29.0	-414.091
00273.1219	-1	1	29.0	-951.470
00273.2512	-1	1	29.0	-748.473
00273.3843	-1	1	29.0	-215.364
00273.5116	-1	1	29.0	-955.129
00273.6381	-1	1	29.0	-771.306
00273.7649	-1	1	29.0	-781.717
00273.8921	-1	1	29.0	-89.173
00274.0185	-1	1	29.0	-917.562
00274.1508	-1	1	29.0	-51.669
00274.2810	-1	1	29.0	-851.006
00274.4079	-1	1	29.0	-341.434
00274.5335	-1	1	29.0	-544.376
00274.6606	-1	1	29.0	-123.701
00274.7912	-1	1	29.0	-672.357
00274.9167	-1	1	29.0	-4.915
00275.0437	-1	1	29.0	-91.721
00275.1747	-1	1	29.0	-111.235
00275.3005	-1	1	29.0	-629.041
00275.4326	-1	1	29.0	-81.727
00275.5613	-1	1	29.0	-341.044
00275.6920	-1	1	29.0	-378.756
00275.8228	-1	1	29.0	-610.932
00275.9496	-1	1	29.0	-835.895
00276.0761	-1	1	29.0	-733.616
00276.2064	-1	1	29.0	-522.753
00276.3327	-1	1	29.0	-621.305
00276.4596	-1	1	29.0	-846.264
00276.5902	-1	1	29.0	-379.725
00276.7193	-1	1	29.0	-763.200
00276.8457	-1	1	29.0	-128.396
00276.9724	-1	1	29.0	-588.996
00277.1035	-1	1	29.0	-778.388
00277.2305	-1	1	29.0	-16.333
00277.3598	-1	1	29.0	-460.985
00277.4868	-1	1	29.0	-210.967
00277.6138	-1	1	29.0	-964.483
00277.7425	-1	1	29.0	-843.917
00277.8694	-1	1	29.0	-288.233
00277.9965	-1	1	29.0	-58.003
00278.1240	-1	1	29.0	-553.260
00278.2500	-1	1	29.0	-929.198
00278.3757	-1	1	29.0	-321.432
00278.5014	-1	1	29.0	-317.152
00278.6275	-1	1	29.0	-76.758
00278.7547	-1	1	29.0	-36.570
00278.8845	-1	1	29.0	-472.430
00279.0136	-1	1	29.0	-696.118
00279.1452	-1	1	29.0	-819.582
00279.2732	-1	1	29.0	-126.590
00279.4002	-1	1	29.0	-289.477
00279.5263	-1	1	29.0	-443.795
00279.6531	-1	1	29.0	-111.616
00279.7810	-1	1	29.0	-105.190
00279.9076	-1	1	29.0	-319.583
00280.0343	-1	1	29.0	-962.084
00280.1646	-1	1	29.0	-833.608
00280.2922	-1	1	29.0	-31.288
00280.4188	-1	1	29.0	-479.089
00280.5485	-1	1	29.0	-26.673
00280.6744	-1	1	29.0	-875.931
00280.8011	-1	1	29.0	-781.626
00280.9318	-1	1	29.0	-693.825
00281.0587	-1	1	29.0	-516.649
00281.1877	-1	1	29.0	-377.909
00281.3144	-1	1	29.0	-30.977
00281.4405	-1	1	29.0	-339.449
00281.5681	-1	1	29.0	-994.829
00281.6952	-1	1	29.0	-28.386
00281.8208	-1	1	29.0	-423.261
00281.9509	-1	1	29.0	-167.419
00282.0778	-1	1	29.0	-343.338
00282.2050	-1	1	29.0	-226.085
00282.3333	-1	1	29.0	-360.086
00282.4590	-1	1	29.0	-262.611
00282.5866	-1	1	29.0	-577.410
00282.7128	-1	1	29.0	-997.213
00282.8414	-1	1	29.0	-62.424
00282.9696	-1	1	29.0	-28.934
00283.0964	-1	1	29.0	-985.207
00283.2287	-1	1	29.0	-549.919
00283.3558	-1	1	29.0	-244.538
00283.4822	-1	1	29.0	-107.221
00283.6089	-1	1	29.0	-213.454
00283.7355	-1	1	29.0	-964.753
00283.8629	-1	1	29.0	-667.347
00283.9902	-1	1	29.0	-502.444
00284.1157	-1	1	29.0	-152.140
00284.2454	-1	1	29.0	-623.750
00284.3738	-1	1	29.0	-50.743
00284.5006	-1	1	29.0	-469.091
00284.6300	-1	1	29.0	-568.333
00284.7590	-1	1	29.0	-41.739
00284.8856	-1	1	29.0	-470.945
00285.0137	-1	1	29.0	-108.180
00285.1417	-1	1	29.0	-65.755
00285.2695	-1	1	29.0	-311.530
00285.3964	-1	1	29.0	-384.969
00285.5243	-1	1	29.0	-861.321
00285.6506	-1	1	29.0	-819.931
00285.7796	-1	1	29.0	-298.735
00285.9059	-1	1	29.0	-935.279
00286.0434	-1	1	29.0	-791.368
00286.1690	-1	1	29.0	-789.162
00286.2961	-1	1	29.0	-659.296
00286.4226	-1	1	29.0	-270.653
00286.5492	-1	1	29.0	-609.538
00286.6774	-1	1	29.0	-805.096
00286.8041	-1	1	29.0	-517.390
00286.9296	-1	1	29.0	-152.779
00287.0630	-1	1	29.0	-785.305
00287.2041	-1	1	29.0	-984.462
00287.3309	-1	1	29.0	-241.768
00287.4572	-1	1	29.0	-745.817
00287.5852	-1	1	29.0	-551.760
00287.7121	-1	1	29.0	-364.604
00287.8388	-1	1	29.0	-387.654
00287.9646	-1	1	29.0	-628.375
00288.0939	-1	1	29.0	-283.771
00288.2207	-1	1	29.0	-109.843
00288.3482	-1	1	29.0	-54.781
00288.4747	-1	1	29.0	-375.927
00288.6055	-1	1	29.0	-383.940
00288.7345	-1	1	29.0	-836.701
00288.8614	-1	1	29.0	-645.705
00288.9881	-1	1	29.0	-509.703
00289.1527	-1	1	29.0	-806.946
00289.2849	-1	1	29.0	-714.422
00289.4108	-1	1	29.0	-751.701
00289.5371	-1	1	29.0	-93.032
00289.6655	-1	1	29.0	-584.878
00289.7918	-1	1	29.0	-406.184
00289.9183	-1	1	29.0	-328.990
00290.0478	-1	1	29.0	-661.919
00290.1768	-1	1	29.0	-834.427
00290.3165	-1	1	29.0	-9.398
00290.4430	-1	1	29.0	-362.434
00290.5700	-1	1	29.0	-731.675
00290.6998	-1	1	29.0	-254.025
00290.8264	-1	1	29.0	-606.422
00290.9568	-1	1	29.0	-195.981
00291.0840	-1	1	29.0	-583.421
00291.2209	-1	1	29.0	-119.403
00291.3608	-1	1	29.0	-961.697
00291.4869	-1	1	29.0	-798.239
00291.6142	-1	1	29.0	-324.369
00291.7417	-1	1	29.0	-454.104
00291.8681	-1	1	29.0	-670.067
00291.9948	-1	1	29.0	-213.819
00292.1311	-1	1	29.0	-826.633
00292.2592	-1	1	29.0	-178.029
00292.3871	-1	1	29.0	-289.935
00292.5140	-1	1	29.0	-135.504
00292.6409	-1	1	29.0	-154.066
00292.7695	-1	1	29.0	-447.359
00292.8973	-1	1	29.0	-892.823
00293.0233	-1	1	29.0	-261.482
00293.1561	-1	1	29.0	-30.865
00293.2828	-1	1	29.0	-631.014
00293.4095	-1	1	29.0	-948.410
00293.5361	-1	1	29.0	-454.875
00293.6630	-1	1	29.0	-47.955
00293.7892	-1	1	29.0	-30.593
00293.9159	-1	1	29.0	-161.621
00294.0430	-1	1	29.0	-215.026
00294.1702	-1	1	29.0	-580.629
00294.2997	-1	1	29.0	-575.750
00294.4312	-1	1	29.0	-43.323
00294.5636	-1	1	29.0	-736.311
00294.6998	-1	1	29.0	-318.181
00294.8264	-1	1	29.0	-510.130
00294.9563	-1	1	29.0	-314.278
00295.0830	-1	1	29.0	-416.152
00295.2148	-1	1	29.0	-800.496
00295.3438	-1	1	29.0	-265.433
00295.4698	-1	1	29.0	-180.027
00295.5987	-1	1	29.0	-283.433
00295.7265	-1	1	29.0	-693.670
00295.8560	-1	1	29.0	-765.766
00295.9866	-1	1	29.0	-153.668
00296.1129	-1	1	29.0	-825.559
00296.2415	-1	1	29.0	-625.936
00296.3679	-1	1	29.0	-237.752
00296.4948	-1	1	29.0	-553.139
00296.6223	-1	1	29.0	-675.764
00296.7489	-1	1	29.0	-208.366
00296.8776	-1	1	29.0	-945.014
00297.0043	-1	1	29.0	-799.458
00297.1302	-1	1	29.0	-999.312
00297.2578	-1	1	29.0	-37.113
00297.3856	-1	1	29.0	-741.377
00297.5123	-1	1	29.0	-764.740
00297.6390	-1	1	29.0	-118.584
00297.7659	-1	1	29.0	-445.820
00297.8944	-1	1	29.0	-37.726
00298.0219	-1	1	29.0	-990.451
00298.1474	-1	1	29.0	-682.127
00298.2785	-1	1	29.0	-188.443
00298.4053	-1	1	29.0	-422.658
00298.5308	-1	1	29.0	-527.676
00298.6581	-1	1	29.0	-205.329
00298.7839	-1	1	29.0	-627.903
00298.9117	-1	1	29.0	-429.070
00299.0401	-1	1	29.0	-794.290
00299.1700	-1	1	29.0	-199.878
00299.2998	-1	1	29.0	-607.958
00299.4264	-1	1	29.0	-804.214
00299.5524	-1	1	29.0	-44.322
00299.6810	-1	1	29.0	-178.517
00299.8077	-1	1	29.0	-82.607
00299.9363	-1	1	29.0	-667.515
00300.0653	-1	1	29.0	-261.078
00300.1911	-1	1	29.0	-589.145
00300.3272	-1	1	29.0	-813.411
00300.4530	-1	1	29.0	-174.196
00300.5820	-1	1	29.0	-790.891
00300.7120	-1	1	29.0	-134.916
00300.8400	-1	1	29.0	-71.833
00300.9682	-1	1	29.0	-840.108
00301.0973	-1	1	29.0	-535.512
00301.2342	-1	1	29.0	-445.515
00301.3611	-1	1	29.0	-807.163
00301.4879	-1	1	29.0	-982.077
00301.6159	-1	1	29.0	-128.214
00301.7434	-1	1	29.0	-7.483
00301.8701	-1	1	29.0	-848.289
00301.9966	-1	1	29.0	-292.651
00302.1237	-1	1	29.0	-833.668
00302.2537	-1	1	29.0	-348.532
00302.3896	-1	1	29.0	-161.857
00302.5169	-1	1	29.0	-347.015
00302.6432	-1	1	29.0	-714.156
00302.7698	-1	1	29.0	-235.242
00302.8964	-1	1	29.0	-85.584
00303.0230	-1	1	29.0	-869.494
00303.1529	-1	1	29.0	-226.544
00303.2866	-1	1	29.0	-248.546
00303.4126	-1	1	29.0	-437.738
00303.5392	-1	1	29.0	-474.435
00303.6658	-1	1	29.0	-227.655
00303.7925	-1	1	29.0	-797.438
00303.9206	-1	1	29.0	-123.529
00304.0487	-1	1	29.0	-499.124
00304.1752	-1	1	29.0	-32.188
00304.3029	-1	1	29.0	-317.976
00304.4336	-1	1	29.0	-688.184
00304.5595	-1	1	29.0	-420.162
00304.6857	-1	1	29.0	-678.199
00304.8138	-1	1	29.0	-373.613
00304.9407	-1	1	29.0	-602.675
00305.0680	-1	1	29.0	-832.905
00305.1947	-1	1	29.0	-232.497
00305.3232	-1	1	29.0	-380.754
00305.4495	-1	1	29.0	-651.500
00305.5752	-1	1	29.0	-885.925
00305.7016	-1	1	29.0	-383.174
00305.8284	-1	1	29.0	-62.423
00305.9555	-1	1	29.0	-293.268
00306.0854	-1	1	29.0	-856.695
00306.2139	-1	1	29.0	-234.992
00306.3440	-1	1	29.0	-62.241
00306.4711	-1	1	29.0	-946.308
00306.5976	-1	1	29.0	-270.973
00306.7255	-1	1	29.0	-390.311
00306.8522	-1	1	29.0	-934.141
00306.9785	-1	1	29.0	-683.382
00307.1048	-1	1	29.0	-864.655
00307.2412	-1	1	29.0	-84.310
00307.3758	-1	1	29.0	-885.155
00307.5015	-1	1	29.0	-652.461
00307.6289	-1	1	29.0	-701.678
00307.7598	-1	1	29.0	-772.027
00307.8904	-1	1	29.0	-238.576
00308.0192	-1	1	29.0	-867.211
00308.1452	-1	1	29.0	-125.848
00308.2741	-1	1	29.0	-303.440
00308.4019	-1	1	29.0	-116.813
00308.5286	-1	1	29.0	-570.562
00308.6620	-1	1	29.0	-160.440
00308.7898	-1	1	29.0	-949.886
00308.9155	-1	1	29.0	-117.606
00309.0423	-1	1	29.0	-556.688
00309.1730	-1	1	29.0	-146.067
00309.2993	-1	1	29.0	-566.125
00309.4280	-1	1	29.0	-896.412
00309.5619	-1	1	29.0	-913.988
00309.7008	-1	1	29.0	-768.645
00309.8277	-1	1	29.0	-912.828
00309.9546	-1	1	29.0	-744.135
00310.0845	-1	1	29.0	-743.984
00310.2138	-1	1	29.0	-202.417
00310.3416	-1	1	29.0	-365.908
00310.4792	-1	1	29.0	-322.771
00310.6062	-1	1	29.0	-71.549
00310.7370	-1	1	29.0	-983.174
00310.8642	-1	1	29.0	-129.627
00310.9934	-1	1	29.0	-140.715
00311.1189	-1	1	29.0	-539.498
00311.2594	-1	1	29.0	-338.943
00311.3876	-1	1	29.0	-240.022
00311.5134	-1	1	29.0	-906.502
00311.6412	-1	1	29.0	-146.173
00311.7710	-1	1	29.0	-750.617
00311.8970	-1	1	29.0	-701.450
00312.0307	-1	1	29.0	-983.788
00312.1595	-1	1	29.0	-406.142
00312.2881	-1	1	29.0	-612.812
00312.4149	-1	1	29.0	-994.855
00312.5437	-1	1	29.0	-248.537
00312.6708	-1	1	29.0	-599.383
00312.8033	-1	1	29.0	-724.748
00312.9346	-1	1	29.0	-15.131
00313.0643	-1	1	29.0	-472.854
00313.2192	-1	1	29.0	-753.836
00313.3462	-1	1	29.0	-492.326
00313.4770	-1	1	29.0	-66.922
00313.6052	-1	1	29.0	-634.755
00313.7387	-1	1	29.0	-254.630
00313.8703	-1	1	29.0	-942.370
00313.9963	-1	1	29.0	-417.308
00314.1344	-1	1	29.0	-94.350
00314.2757	-1	1	29.0	-252.219
00314.4052	-1	1	29.0	-776.719
00314.5331	-1	1	29.0	-731.852
00314.6610	-1	1	29.0	-890.576
00314.7876	-1	1	29.0	-80.159
00314.9142	-1	1	29.0	-897.832
00315.0405	-1	1	29.0	-641.816
00315.1676	-1	1	29.0	-589.740
00315.2950	-1	1	29.0	-429.887
00315.4222	-1	1	29.0	-553.167
00315.5532	-1	1	29.0	-493.027
00315.6811	-1	1	29.0	-302.846
00315.8139	-1	1	29.0	-863.686
00315.9413	-1	1	29.0	-585.634
00316.0689	-1	1	29.0	-940.228
00316.1954	-1	1	29.0	-438.655
00316.3232	-1	1	29.0	-868.551
00316.4555	-1	1	29.0	-303.198
00316.5822	-1	1	29.0	-770.119
00316.7110	-1	1	29.0	-302.207
00316.8427	-1	1	29.0	-815.182
00316.9705	-1	1	29.0	-509.717
00317.0960	-1	1	29.0	-566.895
00317.2246	-1	1	29.0	-608.587
00317.3516	-1	1	29.0	-441.449
00317.4790	-1	1	29.0	-959.956
00317.6066	-1	1	29.0	-841.651
00317.7370	-1	1	29.0	-1.953
00317.8699	-1	1	29.0	-427.885
00318.0012	-1	1	29.0	-218.307
00318.1283	-1	1	29.0	-76.271
00318.2565	-1	1	29.0	-568.005
00318.3828	-1	1	29.0	-850.424
00318.5123	-1	1	29.0	-381.137
00318.6441	-1	1	29.0	-724.978
00318.7719	-1	1	29.0	-233.393
00318.9064	-1	1	29.0	-18.570
00319.0328	-1	1	29.0	-374.573
00319.1618	-1	1	29.0	-662.804
00319.2930	-1	1	29.0	-937.006
00319.4186	-1	1	29.0	-712.272
00319.5442	-1	1	29.0	-156.157
00319.6708	-1	1	29.0	-450.349
00319.7973	-1	1	29.0	-184.045
00319.9235	-1	1	29.0	-381.101
00320.0505	-1	1	29.0	-833.949
00320.1762	-1	1	29.0	-801.300
00320.3099	-1	1	29.0	-687.372
00320.4419	-1	1	29.0	-557.627
00320.5752	-1	1	29.0	-710.645
00320.7009	-1	1	29.0	-326.008
00320.8298	-1	1	29.0	-200.786
00320.9567	-1	1	29.0	-975.805
00321.0875	-1	1	29.0	-858.209
00321.2155	-1	1	29.0	-70.941
00321.3516	-1	1	29.0	-717.188
00321.4781	-1	1	29.0	-594.392
00321.6048	-1	1	29.0	-754.715
00321.7312	-1	1	29.0	-101.327
00321.8654	-1	1	29.0	-91.337
00321.9918	-1	1	29.0	-440.332
00322.1268	-1	1	29.0	-89.824
00322.2555	-1	1	29.0	-229.686
00322.3839	-1	1	29.0	-129.145
00322.5156	-1	1	29.0	-134.413
00322.6425	-1	1	29.0	-665.986
00322.7697	-1	1	29.0	-772.772
00322.9004	-1	1	29.0	-75.345
00323.0264	-1	1	29.0	-964.114
00323.1525	-1	1	29.0	-702.264
00323.2821	-1	1	29.0	-321.988
00323.4096	-1	1	29.0	-607.922
00323.5363	-1	1	29.0	-772.748
00323.6674	-1	1	29.0	-663.090
00323.8030	-1	1	29.0	-237.391
00323.9293	-1	1	29.0	-875.191
00324.0563	-1	1	29.0	-713.255
00324.1894	-1	1	29.0	-448.665
00324.3151	-1	1	29.0	-677.147
00324.4432	-1	1	29.0	-716.551
00324.5716	-1	1	29.0	-934.152
00324.6986	-1	1	29.0	-587.679
00324.8302	-1	1	29.0	-908.004
00324.9604	-1	1	29.0	-871.019
00325.0873	-1	1	29.0	-7.429
00325.2209	-1	1	29.0	-63.752
00325.3515	-1	1	29.0	-713.535
00325.4845	-1	1	29.0	-381.538
00325.6147	-1	1	29.0	-32.433
00325.7472	-1	1	29.0	-212.453
00325.8728	-1	1	29.0	-56.925
00325.9988	-1	1	29.0	-83.670
00326.1272	-1	1	29.0	-430.247
00326.2622	-1	1	29.0	-997.000
00326.3890	-1	1	29.0	-733.700
00326.5172	-1	1	29.0	-635.848
00326.6434	-1	1	29.0	-227.444
00326.7709	-1	1	29.0	-895.733
00326.8972	-1	1	29.0	-985.887
00327.0344	-1	1	29.0	-131.874
00327.1667	-1	1	29.0	-889.823
00327.2944	-1	1	29.0	-913.490
00327.4203	-1	1	29.0	-585.280
00327.5457	-1	1	29.0	-119.551
00327.6722	-1	1	29.0	-478.703
00327.7986	-1	1	29.0	-355.316
00327.9249	-1	1	29.0	-102.637
00328.0515	-1	1	29.0	-343.751
00328.1860	-1	1	29.0	-665.807
00328.3116	-1	1	29.0	-23.326
00328.4384	-1	1	29.0	-472.137
00328.5653	-1	1	29.0	-214.618
00328.6976	-1	1	29.0	-221.516
00328.8231	-1	1	29.0	-853.794
00328.9497	-1	1	29.0	-771.031
00329.0764	-1	1	29.0	-690.139
00329.2111	-1	1	29.0	-164.520
00329.3453	-1	1	29.0	-9.417
00329.4740	-1	1	29.0	-741.440
00329.6001	-1	1	29.0	-124.916
00329.7326	-1	1	29.0	-433.815
00329.8583	-1	1	29.0	-238.975
00329.9839	-1	1	29.0	-831.693
00330.1306	-1	1	29.0	-352.939
00330.2564	-1	1	29.0	-583.501
00330.3882	-1	1	29.0	-678.160
00330.5176	-1	1	29.0	-372.328
00330.6483	-1	1	29.0	-364.549
00330.7793	-1	1	29.0	-732.551
00330.9125	-1	1	29.0	-481.429
00331.0385	-1	1	29.0	-225.364
00331.1762	-1	1	29.0	-752.317
00331.3028	-1	1	29.0	-530.999
00331.4299	-1	1	29.0	-227.628
00331.5565	-1	1	29.0	-996.177
00331.6837	-1	1	29.0	-547.760
00331.8096	-1	1	29.0	-685.352
00331.9371	-1	1	29.0	-663.296
00332.0628	-1	1	29.0	-851.306
00332.1913	-1	1	29.0	-297.071
00332.3182	-1	1	29.0	-505.152
00332.4450	-1	1	29.0	-187.781
00332.5715	-1	1	29.0	-371.159
00332.6985	-1	1	29.0	-543.341
00332.8261	-1	1	29.0	-47.513
00332.9517	-1	1	29.0	-715.980
00333.0779	-1	1	29.0	-41.565
00333.2089	-1	1	29.0	-709.032
00333.3361	-1	1	29.0	-986.834
00333.4627	-1	1	29.0	-570.289
00333.5896	-1	1	29.0	-414.237
00333.7162	-1	1	29.0	-501.932
00333.8427	-1	1	29.0	-7.683
00333.9696	-1	1	29.0	-87.123
00334.0965	-1	1	29.0	-314.753
00334.2228	-1	1	29.0	-27.298
00334.3524	-1	1	29.0	-702.189
00334.4790	-1	1	29.0	-970.459
00334.6079	-1	1	29.0	-563.170
00334.7384	-1	1	29.0	-854.625
00334.8652	-1	1	29.0	-169.375
00334.9922	-1	1	29.0	-851.030
00335.1185	-1	1	29.0	-304.248
00335.2455	-1	1	29.0	-354.009
00335.3712	-1	1	29.0	-481.168
00335.5001	-1	1	29.0	-380.578
00335.6348	-1	1	29.0	-632.941
00335.7625	-1	1	29.0	-793.413
00335.8899	-1	1	29.0	-6.428
00336.0162	-1	1	29.0	-835.123
00336.1419	-1	1	29.0	-249.868
00336.2732	-1	1	29.0	-510.225
00336.4086	-1	1	29.0	-175.252
00336.5378	-1	1	29.0	-872.736
00336.6665	-1	1	29.0	-485.339
00336.7924	-1	1	29.0	-419.296
00336.9183	-1	1	29.0	-179.448
00337.0455	-1	1	29.0	-578.916
00337.1818	-1	1	29.0	-938.937
00337.3180	-1	1	29.0	-576.834
00337.4440	-1	1	29.0	-271.798
00337.5697	-1	1	29.0	-716.995
00337.6957	-1	1	29.0	-175.785
00337.8225	-1	1	29.0	-569.105
00337.9492	-1	1	29.0	-810.018
00338.0756	-1	1	29.0	-28.847
00338.2043	-1	1	29.0	-412.015
00338.3302	-1	1	29.0	-54.226
00338.4570	-1	1	29.0	-528.376
00338.5905	-1	1	29.0	-374.636
00338.7290	-1	1	29.0	-859.938
00338.8550	-1	1	29.0	-78.275
00338.9879	-1	1	29.0	-675.579
00339.1159	-1	1	29.0	-899.253
00339.2425	-1	1	29.0	-874.255
00339.3688	-1	1	29.0	-649.912
00339.4988	-1	1	29.0	-205.600
00339.6246	-1	1	29.0	-88.253
00339.7542	-1	1	29.0	-753.545
00339.8815	-1	1	29.0	-613.693
00340.0077	-1	1	29.0	-857.896
00340.1377	-1	1	29.0	-592.843
00340.2700	-1	1	29.0	-713.939
00340.3964	-1	1	29.0	-182.483
00340.5222	-1	1	29.0	-470.953
00340.6488	-1	1	29.0	-801.107
00340.7765	-1	1	29.0	-184.683
00340.9057	-1	1	29.0	-201.469
00341.0316	-1	1	29.0	-717.913
00341.1593	-1	1	29.0	-413.512
00341.2862	-1	1	29.0	-230.247
00341.4138	-1	1	29.0	-404.036
00341.5613	-1	1	29.0	-597.689
00341.6894	-1	1	29.0	-199.795
00341.8162	-1	1	29.0	-675.287
00341.9488	-1	1	29.0	-307.789
00342.0752	-1	1	29.0	-620.073
00342.2074	-1	1	29.0	-163.334
00342.3503	-1	1	29.0	-322.737
00342.4768	-1	1	29.0	-299.383
00342.6072	-1	1	29.0	-199.761
00342.7413	-1	1	29.0	-443.574
00342.8668	-1	1	29.0	-134.358
00342.9987	-1	1	29.0	-875.506
00343.1261	-1	1	29.0	-392.611
00343.2568	-1	1	29.0	-877.435
00343.3922	-1	1	29.0	-199.810
00343.5190	-1	1	29.0	-520.323
00343.6459	-1	1	29.0	-500.347
00343.7737	-1	1	29.0	-884.685
00343.8994	-1	1	29.0	-885.343
00344.0249	-1	1	29.0	-629.727
00344.1521	-1	1	29.0	-491.998
00344.2873	-1	1	29.0	-193.306
00344.4146	-1	1	29.0	-962.348
00344.5432	-1	1	29.0	-377.794
00344.6696	-1	1	29.0	-722.478
00344.7962	-1	1	29.0	-811.881
00344.9230	-1	1	29.0	-917.013
00345.0553	-1	1	29.0	-423.001
00345.1853	-1	1	29.0	-729.567
00345.3144	-1	1	29.0	-551.866
00345.4431	-1	1	29.0	-790.721
00345.5686	-1	1	29.0	-34.860
00345.6951	-1	1	29.0	-393.646
00345.8234	-1	1	29.0	-718.129
00345.9512	-1	1	29.0	-818.408
00346.0785	-1	1	29.0	-37.816
00346.2120	-1	1	29.0	-156.922
00346.3389	-1	1	29.0	-301.588
00346.4662	-1	1	29.0	-563.145
00346.6011	-1	1	29.0	-306.034
00346.7300	-1	1	29.0	-431.095
00346.8574	-1	1	29.0	-682.177
00346.9845	-1	1	29.0	-212.913
00347.1105	-1	1	29.0	-641.567
00347.2406	-1	1	29.0	-330.630
00347.3686	-1	1	29.0	-793.942
00347.4949	-1	1	29.0	-619.923
00347.6237	-1	1	29.0	-730.851
00347.7507	-1	1	29.0	-939.617
00347.8772	-1	1	29.0	-288.335
00348.0043	-1	1	29.0	-191.710
00348.1356	-1	1	29.0	-617.649
00348.2631	-1	1	29.0	-390.062
00348.3920	-1	1	29.0	-972.276
00348.5200	-1	1	29.0	-331.720
00348.6464	-1	1	29.0	-15.907
00348.7747	-1	1	29.0	-547.569
00348.9050	-1	1	29.0	-701.341
00349.0317	-1	1	29.0	-133.637
00349.1581	-1	1	29.0	-814.478
00349.2847	-1	1	29.0	-478.533
00349.4142	-1	1	29.0	-17.494
00349.5450	-1	1	29.0	-14.328
00349.6718	-1	1	29.0	-878.606
